-0.00585527 -0.00585527 -0.00585527
-0.00585527 -0.00585527 0.00538119
-0.00585527 -0.00585527 -0.0748554
-0.00585527 -0.00585527 0.018426
-0.00585527 -0.00585527 -0.00857014
-0.00585527 -0.00585527 0.00654847
-0.00585527 -0.00585527 -0.0331178
-0.00585527 -0.00585527 0.0119438
-0.00585527 -0.00585527 0.0422187
-0.00585527 -0.00585527 0.000408617
-0.00585527 0.00538119 -0.00585527
-0.00585527 0.00538119 0.00538119
-0.00585527 0.00538119 -0.0748554
-0.00585527 0.00538119 0.018426
-0.00585527 0.00538119 -0.00857014
-0.00585527 0.00538119 0.00654847
-0.00585527 0.00538119 -0.0331178
-0.00585527 0.00538119 0.0119438
-0.00585527 0.00538119 0.0422187
-0.00585527 0.00538119 0.000408617
-0.00585527 -0.0748554 -0.00585527
-0.00585527 -0.0748554 0.00538119
-0.00585527 -0.0748554 -0.0748554
-0.00585527 -0.0748554 0.018426
-0.00585527 -0.0748554 -0.00857014
-0.00585527 -0.0748554 0.00654847
-0.00585527 -0.0748554 -0.0331178
-0.00585527 -0.0748554 0.0119438
-0.00585527 -0.0748554 0.0422187
-0.00585527 -0.0748554 0.000408617
-0.00585527 0.018426 -0.00585527
-0.00585527 0.018426 0.00538119
-0.00585527 0.018426 -0.0748554
-0.00585527 0.018426 0.018426
-0.00585527 0.018426 -0.00857014
-0.00585527 0.018426 0.00654847
-0.00585527 0.018426 -0.0331178
-0.00585527 0.018426 0.0119438
-0.00585527 0.018426 0.0422187
-0.00585527 0.018426 0.000408617
-0.00585527 -0.00857014 -0.00585527
-0.00585527 -0.00857014 0.00538119
-0.00585527 -0.00857014 -0.0748554
-0.00585527 -0.00857014 0.018426
-0.00585527 -0.00857014 -0.00857014
-0.00585527 -0.00857014 0.00654847
-0.00585527 -0.00857014 -0.0331178
-0.00585527 -0.00857014 0.0119438
-0.00585527 -0.00857014 0.0422187
-0.00585527 -0.00857014 0.000408617
-0.00585527 0.00654847 -0.00585527
-0.00585527 0.00654847 0.00538119
-0.00585527 0.00654847 -0.0748554
-0.00585527 0.00654847 0.018426
-0.00585527 0.00654847 -0.00857014
-0.00585527 0.00654847 0.00654847
-0.00585527 0.00654847 -0.0331178
-0.00585527 0.00654847 0.0119438
-0.00585527 0.00654847 0.0422187
-0.00585527 0.00654847 0.000408617
-0.00585527 -0.0331178 -0.00585527
-0.00585527 -0.0331178 0.00538119
-0.00585527 -0.0331178 -0.0748554
-0.00585527 -0.0331178 0.018426
-0.00585527 -0.0331178 -0.00857014
-0.00585527 -0.0331178 0.00654847
-0.00585527 -0.0331178 -0.0331178
-0.00585527 -0.0331178 0.0119438
-0.00585527 -0.0331178 0.0422187
-0.00585527 -0.0331178 0.000408617
-0.00585527 0.0119438 -0.00585527
-0.00585527 0.0119438 0.00538119
-0.00585527 0.0119438 -0.0748554
-0.00585527 0.0119438 0.018426
-0.00585527 0.0119438 -0.00857014
-0.00585527 0.0119438 0.00654847
-0.00585527 0.0119438 -0.0331178
-0.00585527 0.0119438 0.0119438
-0.00585527 0.0119438 0.0422187
-0.00585527 0.0119438 0.000408617
-0.00585527 0.0422187 -0.00585527
-0.00585527 0.0422187 0.00538119
-0.00585527 0.0422187 -0.0748554
-0.00585527 0.0422187 0.018426
-0.00585527 0.0422187 -0.00857014
-0.00585527 0.0422187 0.00654847
-0.00585527 0.0422187 -0.0331178
-0.00585527 0.0422187 0.0119438
-0.00585527 0.0422187 0.0422187
-0.00585527 0.0422187 0.000408617
-0.00585527 0.000408617 -0.00585527
-0.00585527 0.000408617 0.00538119
-0.00585527 0.000408617 -0.0748554
-0.00585527 0.000408617 0.018426
-0.00585527 0.000408617 -0.00857014
-0.00585527 0.000408617 0.00654847
-0.00585527 0.000408617 -0.0331178
-0.00585527 0.000408617 0.0119438
-0.00585527 0.000408617 0.0422187
-0.00585527 0.000408617 0.000408617
0.00538119 -0.00585527 -0.00585527
0.00538119 -0.00585527 0.00538119
0.00538119 -0.00585527 -0.0748554
0.00538119 -0.00585527 0.018426
0.00538119 -0.00585527 -0.00857014
0.00538119 -0.00585527 0.00654847
0.00538119 -0.00585527 -0.0331178
0.00538119 -0.00585527 0.0119438
0.00538119 -0.00585527 0.0422187
0.00538119 -0.00585527 0.000408617
0.00538119 0.00538119 -0.00585527
0.00538119 0.00538119 0.00538119
0.00538119 0.00538119 -0.0748554
0.00538119 0.00538119 0.018426
0.00538119 0.00538119 -0.00857014
0.00538119 0.00538119 0.00654847
0.00538119 0.00538119 -0.0331178
0.00538119 0.00538119 0.0119438
0.00538119 0.00538119 0.0422187
0.00538119 0.00538119 0.000408617
0.00538119 -0.0748554 -0.00585527
0.00538119 -0.0748554 0.00538119
0.00538119 -0.0748554 -0.0748554
0.00538119 -0.0748554 0.018426
0.00538119 -0.0748554 -0.00857014
0.00538119 -0.0748554 0.00654847
0.00538119 -0.0748554 -0.0331178
0.00538119 -0.0748554 0.0119438
0.00538119 -0.0748554 0.0422187
0.00538119 -0.0748554 0.000408617
0.00538119 0.018426 -0.00585527
0.00538119 0.018426 0.00538119
0.00538119 0.018426 -0.0748554
0.00538119 0.018426 0.018426
0.00538119 0.018426 -0.00857014
0.00538119 0.018426 0.00654847
0.00538119 0.018426 -0.0331178
0.00538119 0.018426 0.0119438
0.00538119 0.018426 0.0422187
0.00538119 0.018426 0.000408617
0.00538119 -0.00857014 -0.00585527
0.00538119 -0.00857014 0.00538119
0.00538119 -0.00857014 -0.0748554
0.00538119 -0.00857014 0.018426
0.00538119 -0.00857014 -0.00857014
0.00538119 -0.00857014 0.00654847
0.00538119 -0.00857014 -0.0331178
0.00538119 -0.00857014 0.0119438
0.00538119 -0.00857014 0.0422187
0.00538119 -0.00857014 0.000408617
0.00538119 0.00654847 -0.00585527
0.00538119 0.00654847 0.00538119
0.00538119 0.00654847 -0.0748554
0.00538119 0.00654847 0.018426
0.00538119 0.00654847 -0.00857014
0.00538119 0.00654847 0.00654847
0.00538119 0.00654847 -0.0331178
0.00538119 0.00654847 0.0119438
0.00538119 0.00654847 0.0422187
0.00538119 0.00654847 0.000408617
0.00538119 -0.0331178 -0.00585527
0.00538119 -0.0331178 0.00538119
0.00538119 -0.0331178 -0.0748554
0.00538119 -0.0331178 0.018426
0.00538119 -0.0331178 -0.00857014
0.00538119 -0.0331178 0.00654847
0.00538119 -0.0331178 -0.0331178
0.00538119 -0.0331178 0.0119438
0.00538119 -0.0331178 0.0422187
0.00538119 -0.0331178 0.000408617
0.00538119 0.0119438 -0.00585527
0.00538119 0.0119438 0.00538119
0.00538119 0.0119438 -0.0748554
0.00538119 0.0119438 0.018426
0.00538119 0.0119438 -0.00857014
0.00538119 0.0119438 0.00654847
0.00538119 0.0119438 -0.0331178
0.00538119 0.0119438 0.0119438
0.00538119 0.0119438 0.0422187
0.00538119 0.0119438 0.000408617
0.00538119 0.0422187 -0.00585527
0.00538119 0.0422187 0.00538119
0.00538119 0.0422187 -0.0748554
0.00538119 0.0422187 0.018426
0.00538119 0.0422187 -0.00857014
0.00538119 0.0422187 0.00654847
0.00538119 0.0422187 -0.0331178
0.00538119 0.0422187 0.0119438
0.00538119 0.0422187 0.0422187
0.00538119 0.0422187 0.000408617
0.00538119 0.000408617 -0.00585527
0.00538119 0.000408617 0.00538119
0.00538119 0.000408617 -0.0748554
0.00538119 0.000408617 0.018426
0.00538119 0.000408617 -0.00857014
0.00538119 0.000408617 0.00654847
0.00538119 0.000408617 -0.0331178
0.00538119 0.000408617 0.0119438
0.00538119 0.000408617 0.0422187
0.00538119 0.000408617 0.000408617
-0.0748554 -0.00585527 -0.00585527
-0.0748554 -0.00585527 0.00538119
-0.0748554 -0.00585527 -0.0748554
-0.0748554 -0.00585527 0.018426
-0.0748554 -0.00585527 -0.00857014
-0.0748554 -0.00585527 0.00654847
-0.0748554 -0.00585527 -0.0331178
-0.0748554 -0.00585527 0.0119438
-0.0748554 -0.00585527 0.0422187
-0.0748554 -0.00585527 0.000408617
-0.0748554 0.00538119 -0.00585527
-0.0748554 0.00538119 0.00538119
-0.0748554 0.00538119 -0.0748554
-0.0748554 0.00538119 0.018426
-0.0748554 0.00538119 -0.00857014
-0.0748554 0.00538119 0.00654847
-0.0748554 0.00538119 -0.0331178
-0.0748554 0.00538119 0.0119438
-0.0748554 0.00538119 0.0422187
-0.0748554 0.00538119 0.000408617
-0.0748554 -0.0748554 -0.00585527
-0.0748554 -0.0748554 0.00538119
-0.0748554 -0.0748554 -0.0748554
-0.0748554 -0.0748554 0.018426
-0.0748554 -0.0748554 -0.00857014
-0.0748554 -0.0748554 0.00654847
-0.0748554 -0.0748554 -0.0331178
-0.0748554 -0.0748554 0.0119438
-0.0748554 -0.0748554 0.0422187
-0.0748554 -0.0748554 0.000408617
-0.0748554 0.018426 -0.00585527
-0.0748554 0.018426 0.00538119
-0.0748554 0.018426 -0.0748554
-0.0748554 0.018426 0.018426
-0.0748554 0.018426 -0.00857014
-0.0748554 0.018426 0.00654847
-0.0748554 0.018426 -0.0331178
-0.0748554 0.018426 0.0119438
-0.0748554 0.018426 0.0422187
-0.0748554 0.018426 0.000408617
-0.0748554 -0.00857014 -0.00585527
-0.0748554 -0.00857014 0.00538119
-0.0748554 -0.00857014 -0.0748554
-0.0748554 -0.00857014 0.018426
-0.0748554 -0.00857014 -0.00857014
-0.0748554 -0.00857014 0.00654847
-0.0748554 -0.00857014 -0.0331178
-0.0748554 -0.00857014 0.0119438
-0.0748554 -0.00857014 0.0422187
-0.0748554 -0.00857014 0.000408617
-0.0748554 0.00654847 -0.00585527
-0.0748554 0.00654847 0.00538119
-0.0748554 0.00654847 -0.0748554
-0.0748554 0.00654847 0.018426
-0.0748554 0.00654847 -0.00857014
-0.0748554 0.00654847 0.00654847
-0.0748554 0.00654847 -0.0331178
-0.0748554 0.00654847 0.0119438
-0.0748554 0.00654847 0.0422187
-0.0748554 0.00654847 0.000408617
-0.0748554 -0.0331178 -0.00585527
-0.0748554 -0.0331178 0.00538119
-0.0748554 -0.0331178 -0.0748554
-0.0748554 -0.0331178 0.018426
-0.0748554 -0.0331178 -0.00857014
-0.0748554 -0.0331178 0.00654847
-0.0748554 -0.0331178 -0.0331178
-0.0748554 -0.0331178 0.0119438
-0.0748554 -0.0331178 0.0422187
-0.0748554 -0.0331178 0.000408617
-0.0748554 0.0119438 -0.00585527
-0.0748554 0.0119438 0.00538119
-0.0748554 0.0119438 -0.0748554
-0.0748554 0.0119438 0.018426
-0.0748554 0.0119438 -0.00857014
-0.0748554 0.0119438 0.00654847
-0.0748554 0.0119438 -0.0331178
-0.0748554 0.0119438 0.0119438
-0.0748554 0.0119438 0.0422187
-0.0748554 0.0119438 0.000408617
-0.0748554 0.0422187 -0.00585527
-0.0748554 0.0422187 0.00538119
-0.0748554 0.0422187 -0.0748554
-0.0748554 0.0422187 0.018426
-0.0748554 0.0422187 -0.00857014
-0.0748554 0.0422187 0.00654847
-0.0748554 0.0422187 -0.0331178
-0.0748554 0.0422187 0.0119438
-0.0748554 0.0422187 0.0422187
-0.0748554 0.0422187 0.000408617
-0.0748554 0.000408617 -0.00585527
-0.0748554 0.000408617 0.00538119
-0.0748554 0.000408617 -0.0748554
-0.0748554 0.000408617 0.018426
-0.0748554 0.000408617 -0.00857014
-0.0748554 0.000408617 0.00654847
-0.0748554 0.000408617 -0.0331178
-0.0748554 0.000408617 0.0119438
-0.0748554 0.000408617 0.0422187
-0.0748554 0.000408617 0.000408617
0.018426 -0.00585527 -0.00585527
0.018426 -0.00585527 0.00538119
0.018426 -0.00585527 -0.0748554
0.018426 -0.00585527 0.018426
0.018426 -0.00585527 -0.00857014
0.018426 -0.00585527 0.00654847
0.018426 -0.00585527 -0.0331178
0.018426 -0.00585527 0.0119438
0.018426 -0.00585527 0.0422187
0.018426 -0.00585527 0.000408617
0.018426 0.00538119 -0.00585527
0.018426 0.00538119 0.00538119
0.018426 0.00538119 -0.0748554
0.018426 0.00538119 0.018426
0.018426 0.00538119 -0.00857014
0.018426 0.00538119 0.00654847
0.018426 0.00538119 -0.0331178
0.018426 0.00538119 0.0119438
0.018426 0.00538119 0.0422187
0.018426 0.00538119 0.000408617
0.018426 -0.0748554 -0.00585527
0.018426 -0.0748554 0.00538119
0.018426 -0.0748554 -0.0748554
0.018426 -0.0748554 0.018426
0.018426 -0.0748554 -0.00857014
0.018426 -0.0748554 0.00654847
0.018426 -0.0748554 -0.0331178
0.018426 -0.0748554 0.0119438
0.018426 -0.0748554 0.0422187
0.018426 -0.0748554 0.000408617
0.018426 0.018426 -0.00585527
0.018426 0.018426 0.00538119
0.018426 0.018426 -0.0748554
0.018426 0.018426 0.018426
0.018426 0.018426 -0.00857014
0.018426 0.018426 0.00654847
0.018426 0.018426 -0.0331178
0.018426 0.018426 0.0119438
0.018426 0.018426 0.0422187
0.018426 0.018426 0.000408617
0.018426 -0.00857014 -0.00585527
0.018426 -0.00857014 0.00538119
0.018426 -0.00857014 -0.0748554
0.018426 -0.00857014 0.018426
0.018426 -0.00857014 -0.00857014
0.018426 -0.00857014 0.00654847
0.018426 -0.00857014 -0.0331178
0.018426 -0.00857014 0.0119438
0.018426 -0.00857014 0.0422187
0.018426 -0.00857014 0.000408617
0.018426 0.00654847 -0.00585527
0.018426 0.00654847 0.00538119
0.018426 0.00654847 -0.0748554
0.018426 0.00654847 0.018426
0.018426 0.00654847 -0.00857014
0.018426 0.00654847 0.00654847
0.018426 0.00654847 -0.0331178
0.018426 0.00654847 0.0119438
0.018426 0.00654847 0.0422187
0.018426 0.00654847 0.000408617
0.018426 -0.0331178 -0.00585527
0.018426 -0.0331178 0.00538119
0.018426 -0.0331178 -0.0748554
0.018426 -0.0331178 0.018426
0.018426 -0.0331178 -0.00857014
0.018426 -0.0331178 0.00654847
0.018426 -0.0331178 -0.0331178
0.018426 -0.0331178 0.0119438
0.018426 -0.0331178 0.0422187
0.018426 -0.0331178 0.000408617
0.018426 0.0119438 -0.00585527
0.018426 0.0119438 0.00538119
0.018426 0.0119438 -0.0748554
0.018426 0.0119438 0.018426
0.018426 0.0119438 -0.00857014
0.018426 0.0119438 0.00654847
0.018426 0.0119438 -0.0331178
0.018426 0.0119438 0.0119438
0.018426 0.0119438 0.0422187
0.018426 0.0119438 0.000408617
0.018426 0.0422187 -0.00585527
0.018426 0.0422187 0.00538119
0.018426 0.0422187 -0.0748554
0.018426 0.0422187 0.018426
0.018426 0.0422187 -0.00857014
0.018426 0.0422187 0.00654847
0.018426 0.0422187 -0.0331178
0.018426 0.0422187 0.0119438
0.018426 0.0422187 0.0422187
0.018426 0.0422187 0.000408617
0.018426 0.000408617 -0.00585527
0.018426 0.000408617 0.00538119
0.018426 0.000408617 -0.0748554
0.018426 0.000408617 0.018426
0.018426 0.000408617 -0.00857014
0.018426 0.000408617 0.00654847
0.018426 0.000408617 -0.0331178
0.018426 0.000408617 0.0119438
0.018426 0.000408617 0.0422187
0.018426 0.000408617 0.000408617
-0.00857014 -0.00585527 -0.00585527
-0.00857014 -0.00585527 0.00538119
-0.00857014 -0.00585527 -0.0748554
-0.00857014 -0.00585527 0.018426
-0.00857014 -0.00585527 -0.00857014
-0.00857014 -0.00585527 0.00654847
-0.00857014 -0.00585527 -0.0331178
-0.00857014 -0.00585527 0.0119438
-0.00857014 -0.00585527 0.0422187
-0.00857014 -0.00585527 0.000408617
-0.00857014 0.00538119 -0.00585527
-0.00857014 0.00538119 0.00538119
-0.00857014 0.00538119 -0.0748554
-0.00857014 0.00538119 0.018426
-0.00857014 0.00538119 -0.00857014
-0.00857014 0.00538119 0.00654847
-0.00857014 0.00538119 -0.0331178
-0.00857014 0.00538119 0.0119438
-0.00857014 0.00538119 0.0422187
-0.00857014 0.00538119 0.000408617
-0.00857014 -0.0748554 -0.00585527
-0.00857014 -0.0748554 0.00538119
-0.00857014 -0.0748554 -0.0748554
-0.00857014 -0.0748554 0.018426
-0.00857014 -0.0748554 -0.00857014
-0.00857014 -0.0748554 0.00654847
-0.00857014 -0.0748554 -0.0331178
-0.00857014 -0.0748554 0.0119438
-0.00857014 -0.0748554 0.0422187
-0.00857014 -0.0748554 0.000408617
-0.00857014 0.018426 -0.00585527
-0.00857014 0.018426 0.00538119
-0.00857014 0.018426 -0.0748554
-0.00857014 0.018426 0.018426
-0.00857014 0.018426 -0.00857014
-0.00857014 0.018426 0.00654847
-0.00857014 0.018426 -0.0331178
-0.00857014 0.018426 0.0119438
-0.00857014 0.018426 0.0422187
-0.00857014 0.018426 0.000408617
-0.00857014 -0.00857014 -0.00585527
-0.00857014 -0.00857014 0.00538119
-0.00857014 -0.00857014 -0.0748554
-0.00857014 -0.00857014 0.018426
-0.00857014 -0.00857014 -0.00857014
-0.00857014 -0.00857014 0.00654847
-0.00857014 -0.00857014 -0.0331178
-0.00857014 -0.00857014 0.0119438
-0.00857014 -0.00857014 0.0422187
-0.00857014 -0.00857014 0.000408617
-0.00857014 0.00654847 -0.00585527
-0.00857014 0.00654847 0.00538119
-0.00857014 0.00654847 -0.0748554
-0.00857014 0.00654847 0.018426
-0.00857014 0.00654847 -0.00857014
-0.00857014 0.00654847 0.00654847
-0.00857014 0.00654847 -0.0331178
-0.00857014 0.00654847 0.0119438
-0.00857014 0.00654847 0.0422187
-0.00857014 0.00654847 0.000408617
-0.00857014 -0.0331178 -0.00585527
-0.00857014 -0.0331178 0.00538119
-0.00857014 -0.0331178 -0.0748554
-0.00857014 -0.0331178 0.018426
-0.00857014 -0.0331178 -0.00857014
-0.00857014 -0.0331178 0.00654847
-0.00857014 -0.0331178 -0.0331178
-0.00857014 -0.0331178 0.0119438
-0.00857014 -0.0331178 0.0422187
-0.00857014 -0.0331178 0.000408617
-0.00857014 0.0119438 -0.00585527
-0.00857014 0.0119438 0.00538119
-0.00857014 0.0119438 -0.0748554
-0.00857014 0.0119438 0.018426
-0.00857014 0.0119438 -0.00857014
-0.00857014 0.0119438 0.00654847
-0.00857014 0.0119438 -0.0331178
-0.00857014 0.0119438 0.0119438
-0.00857014 0.0119438 0.0422187
-0.00857014 0.0119438 0.000408617
-0.00857014 0.0422187 -0.00585527
-0.00857014 0.0422187 0.00538119
-0.00857014 0.0422187 -0.0748554
-0.00857014 0.0422187 0.018426
-0.00857014 0.0422187 -0.00857014
-0.00857014 0.0422187 0.00654847
-0.00857014 0.0422187 -0.0331178
-0.00857014 0.0422187 0.0119438
-0.00857014 0.0422187 0.0422187
-0.00857014 0.0422187 0.000408617
-0.00857014 0.000408617 -0.00585527
-0.00857014 0.000408617 0.00538119
-0.00857014 0.000408617 -0.0748554
-0.00857014 0.000408617 0.018426
-0.00857014 0.000408617 -0.00857014
-0.00857014 0.000408617 0.00654847
-0.00857014 0.000408617 -0.0331178
-0.00857014 0.000408617 0.0119438
-0.00857014 0.000408617 0.0422187
-0.00857014 0.000408617 0.000408617
0.00654847 -0.00585527 -0.00585527
0.00654847 -0.00585527 0.00538119
0.00654847 -0.00585527 -0.0748554
0.00654847 -0.00585527 0.018426
0.00654847 -0.00585527 -0.00857014
0.00654847 -0.00585527 0.00654847
0.00654847 -0.00585527 -0.0331178
0.00654847 -0.00585527 0.0119438
0.00654847 -0.00585527 0.0422187
0.00654847 -0.00585527 0.000408617
0.00654847 0.00538119 -0.00585527
0.00654847 0.00538119 0.00538119
0.00654847 0.00538119 -0.0748554
0.00654847 0.00538119 0.018426
0.00654847 0.00538119 -0.00857014
0.00654847 0.00538119 0.00654847
0.00654847 0.00538119 -0.0331178
0.00654847 0.00538119 0.0119438
0.00654847 0.00538119 0.0422187
0.00654847 0.00538119 0.000408617
0.00654847 -0.0748554 -0.00585527
0.00654847 -0.0748554 0.00538119
0.00654847 -0.0748554 -0.0748554
0.00654847 -0.0748554 0.018426
0.00654847 -0.0748554 -0.00857014
0.00654847 -0.0748554 0.00654847
0.00654847 -0.0748554 -0.0331178
0.00654847 -0.0748554 0.0119438
0.00654847 -0.0748554 0.0422187
0.00654847 -0.0748554 0.000408617
0.00654847 0.018426 -0.00585527
0.00654847 0.018426 0.00538119
0.00654847 0.018426 -0.0748554
0.00654847 0.018426 0.018426
0.00654847 0.018426 -0.00857014
0.00654847 0.018426 0.00654847
0.00654847 0.018426 -0.0331178
0.00654847 0.018426 0.0119438
0.00654847 0.018426 0.0422187
0.00654847 0.018426 0.000408617
0.00654847 -0.00857014 -0.00585527
0.00654847 -0.00857014 0.00538119
0.00654847 -0.00857014 -0.0748554
0.00654847 -0.00857014 0.018426
0.00654847 -0.00857014 -0.00857014
0.00654847 -0.00857014 0.00654847
0.00654847 -0.00857014 -0.0331178
0.00654847 -0.00857014 0.0119438
0.00654847 -0.00857014 0.0422187
0.00654847 -0.00857014 0.000408617
0.00654847 0.00654847 -0.00585527
0.00654847 0.00654847 0.00538119
0.00654847 0.00654847 -0.0748554
0.00654847 0.00654847 0.018426
0.00654847 0.00654847 -0.00857014
0.00654847 0.00654847 0.00654847
0.00654847 0.00654847 -0.0331178
0.00654847 0.00654847 0.0119438
0.00654847 0.00654847 0.0422187
0.00654847 0.00654847 0.000408617
0.00654847 -0.0331178 -0.00585527
0.00654847 -0.0331178 0.00538119
0.00654847 -0.0331178 -0.0748554
0.00654847 -0.0331178 0.018426
0.00654847 -0.0331178 -0.00857014
0.00654847 -0.0331178 0.00654847
0.00654847 -0.0331178 -0.0331178
0.00654847 -0.0331178 0.0119438
0.00654847 -0.0331178 0.0422187
0.00654847 -0.0331178 0.000408617
0.00654847 0.0119438 -0.00585527
0.00654847 0.0119438 0.00538119
0.00654847 0.0119438 -0.0748554
0.00654847 0.0119438 0.018426
0.00654847 0.0119438 -0.00857014
0.00654847 0.0119438 0.00654847
0.00654847 0.0119438 -0.0331178
0.00654847 0.0119438 0.0119438
0.00654847 0.0119438 0.0422187
0.00654847 0.0119438 0.000408617
0.00654847 0.0422187 -0.00585527
0.00654847 0.0422187 0.00538119
0.00654847 0.0422187 -0.0748554
0.00654847 0.0422187 0.018426
0.00654847 0.0422187 -0.00857014
0.00654847 0.0422187 0.00654847
0.00654847 0.0422187 -0.0331178
0.00654847 0.0422187 0.0119438
0.00654847 0.0422187 0.0422187
0.00654847 0.0422187 0.000408617
0.00654847 0.000408617 -0.00585527
0.00654847 0.000408617 0.00538119
0.00654847 0.000408617 -0.0748554
0.00654847 0.000408617 0.018426
0.00654847 0.000408617 -0.00857014
0.00654847 0.000408617 0.00654847
0.00654847 0.000408617 -0.0331178
0.00654847 0.000408617 0.0119438
0.00654847 0.000408617 0.0422187
0.00654847 0.000408617 0.000408617
-0.0331178 -0.00585527 -0.00585527
-0.0331178 -0.00585527 0.00538119
-0.0331178 -0.00585527 -0.0748554
-0.0331178 -0.00585527 0.018426
-0.0331178 -0.00585527 -0.00857014
-0.0331178 -0.00585527 0.00654847
-0.0331178 -0.00585527 -0.0331178
-0.0331178 -0.00585527 0.0119438
-0.0331178 -0.00585527 0.0422187
-0.0331178 -0.00585527 0.000408617
-0.0331178 0.00538119 -0.00585527
-0.0331178 0.00538119 0.00538119
-0.0331178 0.00538119 -0.0748554
-0.0331178 0.00538119 0.018426
-0.0331178 0.00538119 -0.00857014
-0.0331178 0.00538119 0.00654847
-0.0331178 0.00538119 -0.0331178
-0.0331178 0.00538119 0.0119438
-0.0331178 0.00538119 0.0422187
-0.0331178 0.00538119 0.000408617
-0.0331178 -0.0748554 -0.00585527
-0.0331178 -0.0748554 0.00538119
-0.0331178 -0.0748554 -0.0748554
-0.0331178 -0.0748554 0.018426
-0.0331178 -0.0748554 -0.00857014
-0.0331178 -0.0748554 0.00654847
-0.0331178 -0.0748554 -0.0331178
-0.0331178 -0.0748554 0.0119438
-0.0331178 -0.0748554 0.0422187
-0.0331178 -0.0748554 0.000408617
-0.0331178 0.018426 -0.00585527
-0.0331178 0.018426 0.00538119
-0.0331178 0.018426 -0.0748554
-0.0331178 0.018426 0.018426
-0.0331178 0.018426 -0.00857014
-0.0331178 0.018426 0.00654847
-0.0331178 0.018426 -0.0331178
-0.0331178 0.018426 0.0119438
-0.0331178 0.018426 0.0422187
-0.0331178 0.018426 0.000408617
-0.0331178 -0.00857014 -0.00585527
-0.0331178 -0.00857014 0.00538119
-0.0331178 -0.00857014 -0.0748554
-0.0331178 -0.00857014 0.018426
-0.0331178 -0.00857014 -0.00857014
-0.0331178 -0.00857014 0.00654847
-0.0331178 -0.00857014 -0.0331178
-0.0331178 -0.00857014 0.0119438
-0.0331178 -0.00857014 0.0422187
-0.0331178 -0.00857014 0.000408617
-0.0331178 0.00654847 -0.00585527
-0.0331178 0.00654847 0.00538119
-0.0331178 0.00654847 -0.0748554
-0.0331178 0.00654847 0.018426
-0.0331178 0.00654847 -0.00857014
-0.0331178 0.00654847 0.00654847
-0.0331178 0.00654847 -0.0331178
-0.0331178 0.00654847 0.0119438
-0.0331178 0.00654847 0.0422187
-0.0331178 0.00654847 0.000408617
-0.0331178 -0.0331178 -0.00585527
-0.0331178 -0.0331178 0.00538119
-0.0331178 -0.0331178 -0.0748554
-0.0331178 -0.0331178 0.018426
-0.0331178 -0.0331178 -0.00857014
-0.0331178 -0.0331178 0.00654847
-0.0331178 -0.0331178 -0.0331178
-0.0331178 -0.0331178 0.0119438
-0.0331178 -0.0331178 0.0422187
-0.0331178 -0.0331178 0.000408617
-0.0331178 0.0119438 -0.00585527
-0.0331178 0.0119438 0.00538119
-0.0331178 0.0119438 -0.0748554
-0.0331178 0.0119438 0.018426
-0.0331178 0.0119438 -0.00857014
-0.0331178 0.0119438 0.00654847
-0.0331178 0.0119438 -0.0331178
-0.0331178 0.0119438 0.0119438
-0.0331178 0.0119438 0.0422187
-0.0331178 0.0119438 0.000408617
-0.0331178 0.0422187 -0.00585527
-0.0331178 0.0422187 0.00538119
-0.0331178 0.0422187 -0.0748554
-0.0331178 0.0422187 0.018426
-0.0331178 0.0422187 -0.00857014
-0.0331178 0.0422187 0.00654847
-0.0331178 0.0422187 -0.0331178
-0.0331178 0.0422187 0.0119438
-0.0331178 0.0422187 0.0422187
-0.0331178 0.0422187 0.000408617
-0.0331178 0.000408617 -0.00585527
-0.0331178 0.000408617 0.00538119
-0.0331178 0.000408617 -0.0748554
-0.0331178 0.000408617 0.018426
-0.0331178 0.000408617 -0.00857014
-0.0331178 0.000408617 0.00654847
-0.0331178 0.000408617 -0.0331178
-0.0331178 0.000408617 0.0119438
-0.0331178 0.000408617 0.0422187
-0.0331178 0.000408617 0.000408617
0.0119438 -0.00585527 -0.00585527
0.0119438 -0.00585527 0.00538119
0.0119438 -0.00585527 -0.0748554
0.0119438 -0.00585527 0.018426
0.0119438 -0.00585527 -0.00857014
0.0119438 -0.00585527 0.00654847
0.0119438 -0.00585527 -0.0331178
0.0119438 -0.00585527 0.0119438
0.0119438 -0.00585527 0.0422187
0.0119438 -0.00585527 0.000408617
0.0119438 0.00538119 -0.00585527
0.0119438 0.00538119 0.00538119
0.0119438 0.00538119 -0.0748554
0.0119438 0.00538119 0.018426
0.0119438 0.00538119 -0.00857014
0.0119438 0.00538119 0.00654847
0.0119438 0.00538119 -0.0331178
0.0119438 0.00538119 0.0119438
0.0119438 0.00538119 0.0422187
0.0119438 0.00538119 0.000408617
0.0119438 -0.0748554 -0.00585527
0.0119438 -0.0748554 0.00538119
0.0119438 -0.0748554 -0.0748554
0.0119438 -0.0748554 0.018426
0.0119438 -0.0748554 -0.00857014
0.0119438 -0.0748554 0.00654847
0.0119438 -0.0748554 -0.0331178
0.0119438 -0.0748554 0.0119438
0.0119438 -0.0748554 0.0422187
0.0119438 -0.0748554 0.000408617
0.0119438 0.018426 -0.00585527
0.0119438 0.018426 0.00538119
0.0119438 0.018426 -0.0748554
0.0119438 0.018426 0.018426
0.0119438 0.018426 -0.00857014
0.0119438 0.018426 0.00654847
0.0119438 0.018426 -0.0331178
0.0119438 0.018426 0.0119438
0.0119438 0.018426 0.0422187
0.0119438 0.018426 0.000408617
0.0119438 -0.00857014 -0.00585527
0.0119438 -0.00857014 0.00538119
0.0119438 -0.00857014 -0.0748554
0.0119438 -0.00857014 0.018426
0.0119438 -0.00857014 -0.00857014
0.0119438 -0.00857014 0.00654847
0.0119438 -0.00857014 -0.0331178
0.0119438 -0.00857014 0.0119438
0.0119438 -0.00857014 0.0422187
0.0119438 -0.00857014 0.000408617
0.0119438 0.00654847 -0.00585527
0.0119438 0.00654847 0.00538119
0.0119438 0.00654847 -0.0748554
0.0119438 0.00654847 0.018426
0.0119438 0.00654847 -0.00857014
0.0119438 0.00654847 0.00654847
0.0119438 0.00654847 -0.0331178
0.0119438 0.00654847 0.0119438
0.0119438 0.00654847 0.0422187
0.0119438 0.00654847 0.000408617
0.0119438 -0.0331178 -0.00585527
0.0119438 -0.0331178 0.00538119
0.0119438 -0.0331178 -0.0748554
0.0119438 -0.0331178 0.018426
0.0119438 -0.0331178 -0.00857014
0.0119438 -0.0331178 0.00654847
0.0119438 -0.0331178 -0.0331178
0.0119438 -0.0331178 0.0119438
0.0119438 -0.0331178 0.0422187
0.0119438 -0.0331178 0.000408617
0.0119438 0.0119438 -0.00585527
0.0119438 0.0119438 0.00538119
0.0119438 0.0119438 -0.0748554
0.0119438 0.0119438 0.018426
0.0119438 0.0119438 -0.00857014
0.0119438 0.0119438 0.00654847
0.0119438 0.0119438 -0.0331178
0.0119438 0.0119438 0.0119438
0.0119438 0.0119438 0.0422187
0.0119438 0.0119438 0.000408617
0.0119438 0.0422187 -0.00585527
0.0119438 0.0422187 0.00538119
0.0119438 0.0422187 -0.0748554
0.0119438 0.0422187 0.018426
0.0119438 0.0422187 -0.00857014
0.0119438 0.0422187 0.00654847
0.0119438 0.0422187 -0.0331178
0.0119438 0.0422187 0.0119438
0.0119438 0.0422187 0.0422187
0.0119438 0.0422187 0.000408617
0.0119438 0.000408617 -0.00585527
0.0119438 0.000408617 0.00538119
0.0119438 0.000408617 -0.0748554
0.0119438 0.000408617 0.018426
0.0119438 0.000408617 -0.00857014
0.0119438 0.000408617 0.00654847
0.0119438 0.000408617 -0.0331178
0.0119438 0.000408617 0.0119438
0.0119438 0.000408617 0.0422187
0.0119438 0.000408617 0.000408617
0.0422187 -0.00585527 -0.00585527
0.0422187 -0.00585527 0.00538119
0.0422187 -0.00585527 -0.0748554
0.0422187 -0.00585527 0.018426
0.0422187 -0.00585527 -0.00857014
0.0422187 -0.00585527 0.00654847
0.0422187 -0.00585527 -0.0331178
0.0422187 -0.00585527 0.0119438
0.0422187 -0.00585527 0.0422187
0.0422187 -0.00585527 0.000408617
0.0422187 0.00538119 -0.00585527
0.0422187 0.00538119 0.00538119
0.0422187 0.00538119 -0.0748554
0.0422187 0.00538119 0.018426
0.0422187 0.00538119 -0.00857014
0.0422187 0.00538119 0.00654847
0.0422187 0.00538119 -0.0331178
0.0422187 0.00538119 0.0119438
0.0422187 0.00538119 0.0422187
0.0422187 0.00538119 0.000408617
0.0422187 -0.0748554 -0.00585527
0.0422187 -0.0748554 0.00538119
0.0422187 -0.0748554 -0.0748554
0.0422187 -0.0748554 0.018426
0.0422187 -0.0748554 -0.00857014
0.0422187 -0.0748554 0.00654847
0.0422187 -0.0748554 -0.0331178
0.0422187 -0.0748554 0.0119438
0.0422187 -0.0748554 0.0422187
0.0422187 -0.0748554 0.000408617
0.0422187 0.018426 -0.00585527
0.0422187 0.018426 0.00538119
0.0422187 0.018426 -0.0748554
0.0422187 0.018426 0.018426
0.0422187 0.018426 -0.00857014
0.0422187 0.018426 0.00654847
0.0422187 0.018426 -0.0331178
0.0422187 0.018426 0.0119438
0.0422187 0.018426 0.0422187
0.0422187 0.018426 0.000408617
0.0422187 -0.00857014 -0.00585527
0.0422187 -0.00857014 0.00538119
0.0422187 -0.00857014 -0.0748554
0.0422187 -0.00857014 0.018426
0.0422187 -0.00857014 -0.00857014
0.0422187 -0.00857014 0.00654847
0.0422187 -0.00857014 -0.0331178
0.0422187 -0.00857014 0.0119438
0.0422187 -0.00857014 0.0422187
0.0422187 -0.00857014 0.000408617
0.0422187 0.00654847 -0.00585527
0.0422187 0.00654847 0.00538119
0.0422187 0.00654847 -0.0748554
0.0422187 0.00654847 0.018426
0.0422187 0.00654847 -0.00857014
0.0422187 0.00654847 0.00654847
0.0422187 0.00654847 -0.0331178
0.0422187 0.00654847 0.0119438
0.0422187 0.00654847 0.0422187
0.0422187 0.00654847 0.000408617
0.0422187 -0.0331178 -0.00585527
0.0422187 -0.0331178 0.00538119
0.0422187 -0.0331178 -0.0748554
0.0422187 -0.0331178 0.018426
0.0422187 -0.0331178 -0.00857014
0.0422187 -0.0331178 0.00654847
0.0422187 -0.0331178 -0.0331178
0.0422187 -0.0331178 0.0119438
0.0422187 -0.0331178 0.0422187
0.0422187 -0.0331178 0.000408617
0.0422187 0.0119438 -0.00585527
0.0422187 0.0119438 0.00538119
0.0422187 0.0119438 -0.0748554
0.0422187 0.0119438 0.018426
0.0422187 0.0119438 -0.00857014
0.0422187 0.0119438 0.00654847
0.0422187 0.0119438 -0.0331178
0.0422187 0.0119438 0.0119438
0.0422187 0.0119438 0.0422187
0.0422187 0.0119438 0.000408617
0.0422187 0.0422187 -0.00585527
0.0422187 0.0422187 0.00538119
0.0422187 0.0422187 -0.0748554
0.0422187 0.0422187 0.018426
0.0422187 0.0422187 -0.00857014
0.0422187 0.0422187 0.00654847
0.0422187 0.0422187 -0.0331178
0.0422187 0.0422187 0.0119438
0.0422187 0.0422187 0.0422187
0.0422187 0.0422187 0.000408617
0.0422187 0.000408617 -0.00585527
0.0422187 0.000408617 0.00538119
0.0422187 0.000408617 -0.0748554
0.0422187 0.000408617 0.018426
0.0422187 0.000408617 -0.00857014
0.0422187 0.000408617 0.00654847
0.0422187 0.000408617 -0.0331178
0.0422187 0.000408617 0.0119438
0.0422187 0.000408617 0.0422187
0.0422187 0.000408617 0.000408617
0.000408617 -0.00585527 -0.00585527
0.000408617 -0.00585527 0.00538119
0.000408617 -0.00585527 -0.0748554
0.000408617 -0.00585527 0.018426
0.000408617 -0.00585527 -0.00857014
0.000408617 -0.00585527 0.00654847
0.000408617 -0.00585527 -0.0331178
0.000408617 -0.00585527 0.0119438
0.000408617 -0.00585527 0.0422187
0.000408617 -0.00585527 0.000408617
0.000408617 0.00538119 -0.00585527
0.000408617 0.00538119 0.00538119
0.000408617 0.00538119 -0.0748554
0.000408617 0.00538119 0.018426
0.000408617 0.00538119 -0.00857014
0.000408617 0.00538119 0.00654847
0.000408617 0.00538119 -0.0331178
0.000408617 0.00538119 0.0119438
0.000408617 0.00538119 0.0422187
0.000408617 0.00538119 0.000408617
0.000408617 -0.0748554 -0.00585527
0.000408617 -0.0748554 0.00538119
0.000408617 -0.0748554 -0.0748554
0.000408617 -0.0748554 0.018426
0.000408617 -0.0748554 -0.00857014
0.000408617 -0.0748554 0.00654847
0.000408617 -0.0748554 -0.0331178
0.000408617 -0.0748554 0.0119438
0.000408617 -0.0748554 0.0422187
0.000408617 -0.0748554 0.000408617
0.000408617 0.018426 -0.00585527
0.000408617 0.018426 0.00538119
0.000408617 0.018426 -0.0748554
0.000408617 0.018426 0.018426
0.000408617 0.018426 -0.00857014
0.000408617 0.018426 0.00654847
0.000408617 0.018426 -0.0331178
0.000408617 0.018426 0.0119438
0.000408617 0.018426 0.0422187
0.000408617 0.018426 0.000408617
0.000408617 -0.00857014 -0.00585527
0.000408617 -0.00857014 0.00538119
0.000408617 -0.00857014 -0.0748554
0.000408617 -0.00857014 0.018426
0.000408617 -0.00857014 -0.00857014
0.000408617 -0.00857014 0.00654847
0.000408617 -0.00857014 -0.0331178
0.000408617 -0.00857014 0.0119438
0.000408617 -0.00857014 0.0422187
0.000408617 -0.00857014 0.000408617
0.000408617 0.00654847 -0.00585527
0.000408617 0.00654847 0.00538119
0.000408617 0.00654847 -0.0748554
0.000408617 0.00654847 0.018426
0.000408617 0.00654847 -0.00857014
0.000408617 0.00654847 0.00654847
0.000408617 0.00654847 -0.0331178
0.000408617 0.00654847 0.0119438
0.000408617 0.00654847 0.0422187
0.000408617 0.00654847 0.000408617
0.000408617 -0.0331178 -0.00585527
0.000408617 -0.0331178 0.00538119
0.000408617 -0.0331178 -0.0748554
0.000408617 -0.0331178 0.018426
0.000408617 -0.0331178 -0.00857014
0.000408617 -0.0331178 0.00654847
0.000408617 -0.0331178 -0.0331178
0.000408617 -0.0331178 0.0119438
0.000408617 -0.0331178 0.0422187
0.000408617 -0.0331178 0.000408617
0.000408617 0.0119438 -0.00585527
0.000408617 0.0119438 0.00538119
0.000408617 0.0119438 -0.0748554
0.000408617 0.0119438 0.018426
0.000408617 0.0119438 -0.00857014
0.000408617 0.0119438 0.00654847
0.000408617 0.0119438 -0.0331178
0.000408617 0.0119438 0.0119438
0.000408617 0.0119438 0.0422187
0.000408617 0.0119438 0.000408617
0.000408617 0.0422187 -0.00585527
0.000408617 0.0422187 0.00538119
0.000408617 0.0422187 -0.0748554
0.000408617 0.0422187 0.018426
0.000408617 0.0422187 -0.00857014
0.000408617 0.0422187 0.00654847
0.000408617 0.0422187 -0.0331178
0.000408617 0.0422187 0.0119438
0.000408617 0.0422187 0.0422187
0.000408617 0.0422187 0.000408617
0.000408617 0.000408617 -0.00585527
0.000408617 0.000408617 0.00538119
0.000408617 0.000408617 -0.0748554
0.000408617 0.000408617 0.018426
0.000408617 0.000408617 -0.00857014
0.000408617 0.000408617 0.00654847
0.000408617 0.000408617 -0.0331178
0.000408617 0.000408617 0.0119438
0.000408617 0.000408617 0.0422187
0.000408617 0.000408617 0.000408617
