0.000000 	 -0.007960 	 -0.058767 	 0.009867
0.010000 	 -0.007608 	 -0.058300 	 0.010345
0.020000 	 -0.008493 	 -0.058559 	 0.010587
0.030000 	 -0.008560 	 -0.058889 	 0.010600
0.040000 	 -0.008543 	 -0.059493 	 0.009888
0.050000 	 -0.007480 	 -0.059431 	 0.010031
0.060000 	 -0.007327 	 -0.059626 	 0.010040
0.070000 	 -0.008253 	 -0.059756 	 0.010385
0.080000 	 -0.007504 	 -0.059860 	 0.010312
0.090000 	 -0.008575 	 -0.060047 	 0.010005
0.100000 	 -0.008165 	 -0.060031 	 0.010350
0.110000 	 -0.007981 	 -0.059793 	 0.010826
0.120000 	 -0.007833 	 -0.059672 	 0.010848
0.130000 	 -0.008595 	 -0.059704 	 0.010417
0.140000 	 -0.008126 	 -0.059908 	 0.010455
0.150000 	 -0.007708 	 -0.060473 	 0.010431
0.160000 	 -0.007356 	 -0.061197 	 0.010563
0.170000 	 -0.007630 	 -0.060759 	 0.010667
0.180000 	 -0.007153 	 -0.060215 	 0.010693
0.190000 	 -0.007583 	 -0.060467 	 0.010455
0.200000 	 -0.007524 	 -0.060895 	 0.010039
0.210000 	 -0.007863 	 -0.060575 	 0.010488
0.220000 	 -0.007240 	 -0.060568 	 0.010656
0.230000 	 -0.006779 	 -0.060692 	 0.010404
0.240000 	 -0.007212 	 -0.061075 	 0.010476
0.250000 	 -0.007526 	 -0.061020 	 0.010422
0.260000 	 -0.007542 	 -0.061530 	 0.010507
0.270000 	 -0.007443 	 -0.061851 	 0.010594
0.280000 	 -0.006867 	 -0.062226 	 0.010466
0.290000 	 -0.006734 	 -0.062184 	 0.010370
0.300000 	 -0.006016 	 -0.061980 	 0.010293
0.310000 	 -0.006810 	 -0.061814 	 0.010169
0.320000 	 -0.006954 	 -0.061880 	 0.010296
0.330000 	 -0.006940 	 -0.061553 	 0.009981
0.340000 	 -0.007298 	 -0.061691 	 0.010269
0.350000 	 -0.006996 	 -0.061293 	 0.010475
0.360000 	 -0.007821 	 -0.060916 	 0.010172
0.370000 	 -0.007363 	 -0.061551 	 0.010685
0.380000 	 -0.007522 	 -0.061623 	 0.010558
0.390000 	 -0.007444 	 -0.061943 	 0.010287
0.400000 	 -0.005897 	 -0.062540 	 0.010778
0.410000 	 -0.007278 	 -0.062734 	 0.010544
0.420000 	 -0.007240 	 -0.062367 	 0.010278
0.430000 	 -0.007292 	 -0.062482 	 0.010384
0.440000 	 -0.006601 	 -0.063117 	 0.010570
0.450000 	 -0.007088 	 -0.062951 	 0.010348
0.460000 	 -0.007346 	 -0.062722 	 0.010228
0.470000 	 -0.007308 	 -0.062646 	 0.010137
0.480000 	 -0.007346 	 -0.063184 	 0.009820
0.490000 	 -0.006986 	 -0.063905 	 0.010252
0.500000 	 -0.006623 	 -0.063688 	 0.010486
0.510000 	 -0.006872 	 -0.063536 	 0.010384
0.520000 	 -0.006740 	 -0.063438 	 0.010405
0.530000 	 -0.006636 	 -0.063473 	 0.010919
0.540000 	 -0.006143 	 -0.063546 	 0.011022
0.550000 	 -0.006407 	 -0.063654 	 0.010686
0.560000 	 -0.006574 	 -0.063702 	 0.010629
0.570000 	 -0.006776 	 -0.063778 	 0.010209
0.580000 	 -0.006805 	 -0.063888 	 0.010420
0.590000 	 -0.006160 	 -0.064282 	 0.010588
0.600000 	 -0.005934 	 -0.064523 	 0.010687
0.610000 	 -0.005273 	 -0.064317 	 0.010709
0.620000 	 -0.005768 	 -0.064308 	 0.010417
0.630000 	 -0.006481 	 -0.064767 	 0.010446
0.640000 	 -0.004778 	 -0.064980 	 0.010696
0.650000 	 -0.005750 	 -0.065196 	 0.010668
0.660000 	 -0.005185 	 -0.065052 	 0.010305
0.670000 	 -0.005682 	 -0.064823 	 0.010527
0.680000 	 -0.005343 	 -0.064785 	 0.010632
0.690000 	 -0.005926 	 -0.064558 	 0.010069
0.700000 	 -0.005557 	 -0.064833 	 0.010033
0.710000 	 -0.004986 	 -0.065081 	 0.010486
0.720000 	 -0.005776 	 -0.064855 	 0.010707
0.730000 	 -0.004563 	 -0.065587 	 0.010202
0.740000 	 -0.004648 	 -0.066038 	 0.010060
0.750000 	 -0.004969 	 -0.065563 	 0.010144
0.760000 	 -0.004158 	 -0.065431 	 0.009875
0.770000 	 -0.005186 	 -0.065567 	 0.009411
0.780000 	 -0.004702 	 -0.065321 	 0.009650
0.790000 	 -0.005161 	 -0.065510 	 0.009545
0.800000 	 -0.004571 	 -0.066288 	 0.009392
0.810000 	 -0.004912 	 -0.066682 	 0.009092
0.820000 	 -0.004302 	 -0.066729 	 0.009072
0.830000 	 -0.004485 	 -0.066700 	 0.008989
0.840000 	 -0.004877 	 -0.066360 	 0.009168
0.850000 	 -0.004615 	 -0.066662 	 0.009031
0.860000 	 -0.004506 	 -0.067762 	 0.009105
0.870000 	 -0.004076 	 -0.068314 	 0.009083
0.880000 	 -0.003345 	 -0.067675 	 0.009464
0.890000 	 -0.003902 	 -0.067101 	 0.009175
0.900000 	 -0.003577 	 -0.067232 	 0.009171
0.910000 	 -0.002978 	 -0.067780 	 0.009102
0.920000 	 -0.002606 	 -0.067790 	 0.009007
0.930000 	 -0.003332 	 -0.067687 	 0.008542
0.940000 	 -0.002854 	 -0.068298 	 0.008066
0.950000 	 -0.003219 	 -0.069355 	 0.008169
0.960000 	 -0.002717 	 -0.069545 	 0.008195
0.970000 	 -0.002620 	 -0.068989 	 0.008005
0.980000 	 -0.002707 	 -0.068879 	 0.008143
0.990000 	 -0.001776 	 -0.069060 	 0.008294
1.000000 	 -0.001425 	 -0.069219 	 0.008245
1.010000 	 -0.001867 	 -0.069179 	 0.007988
1.020000 	 -0.002262 	 -0.069280 	 0.007798
1.030000 	 -0.002594 	 -0.069648 	 0.007635
1.040000 	 -0.001458 	 -0.069814 	 0.007678
1.050000 	 -0.001241 	 -0.069849 	 0.007775
1.060000 	 -0.002046 	 -0.069716 	 0.007298
1.070000 	 -0.001857 	 -0.069603 	 0.006623
1.080000 	 -0.001763 	 -0.069374 	 0.006789
1.090000 	 -0.001106 	 -0.069678 	 0.006832
1.100000 	 -0.001475 	 -0.070106 	 0.006714
1.110000 	 -0.001238 	 -0.070186 	 0.006438
1.120000 	 -0.000921 	 -0.070233 	 0.006260
1.130000 	 -0.001019 	 -0.070154 	 0.006526
1.140000 	 -0.000414 	 -0.070198 	 0.006327
1.150000 	 -0.000580 	 -0.070848 	 0.006179
1.160000 	 -0.000363 	 -0.071001 	 0.006049
1.170000 	 -0.000917 	 -0.071063 	 0.005991
1.180000 	 -0.000627 	 -0.070637 	 0.005926
1.190000 	 -0.000506 	 -0.070591 	 0.005792
1.200000 	 -0.000201 	 -0.070929 	 0.005332
1.210000 	 -0.000130 	 -0.071062 	 0.005353
1.220000 	 -0.000178 	 -0.070911 	 0.005194
1.230000 	 0.000637 	 -0.071019 	 0.004880
1.240000 	 -0.000389 	 -0.071188 	 0.004449
1.250000 	 0.000291 	 -0.071026 	 0.004232
1.260000 	 0.000341 	 -0.070852 	 0.004405
1.270000 	 0.000212 	 -0.071074 	 0.004548
1.280000 	 -0.000422 	 -0.071479 	 0.004519
1.290000 	 0.000575 	 -0.072108 	 0.004177
1.300000 	 0.000996 	 -0.072751 	 0.003834
1.310000 	 0.001131 	 -0.072614 	 0.003787
1.320000 	 0.001364 	 -0.072118 	 0.003298
1.330000 	 0.001448 	 -0.071778 	 0.003534
1.340000 	 0.000834 	 -0.071768 	 0.003353
1.350000 	 0.000609 	 -0.071875 	 0.003045
1.360000 	 0.001536 	 -0.071765 	 0.002839
1.370000 	 0.000822 	 -0.072329 	 0.002446
1.380000 	 0.002438 	 -0.072517 	 0.002609
1.390000 	 0.001741 	 -0.072237 	 0.002845
1.400000 	 0.001878 	 -0.072221 	 0.002853
1.410000 	 0.001920 	 -0.072060 	 0.002476
1.420000 	 0.001463 	 -0.072076 	 0.002192
1.430000 	 0.002004 	 -0.072628 	 0.001849
1.440000 	 0.001916 	 -0.072671 	 0.001705
1.450000 	 0.002323 	 -0.072442 	 0.001493
1.460000 	 0.002288 	 -0.072211 	 0.001292
1.470000 	 0.002352 	 -0.071913 	 0.001240
1.480000 	 0.002645 	 -0.072031 	 0.001227
1.490000 	 0.002208 	 -0.072357 	 0.001145
1.500000 	 0.002092 	 -0.072612 	 0.000874
1.510000 	 0.002349 	 -0.072919 	 0.000884
1.520000 	 0.001379 	 -0.072784 	 0.000539
1.530000 	 0.002294 	 -0.073170 	 0.000240
1.540000 	 0.002344 	 -0.073296 	 -0.000177
1.550000 	 0.002874 	 -0.073303 	 0.000071
1.560000 	 0.002514 	 -0.072818 	 0.000422
1.570000 	 0.003140 	 -0.072870 	 -0.000094
1.580000 	 0.002704 	 -0.073053 	 -0.000360
1.590000 	 0.002906 	 -0.073506 	 -0.000433
1.600000 	 0.002646 	 -0.073374 	 -0.000376
1.610000 	 0.002640 	 -0.073224 	 -0.000802
1.620000 	 0.002879 	 -0.073353 	 -0.001114
1.630000 	 0.003010 	 -0.073590 	 -0.001282
1.640000 	 0.002802 	 -0.073065 	 -0.001123
1.650000 	 0.003105 	 -0.072870 	 -0.001076
1.660000 	 0.002854 	 -0.073313 	 -0.001346
1.670000 	 0.002734 	 -0.073447 	 -0.001767
1.680000 	 0.003030 	 -0.072953 	 -0.002038
1.690000 	 0.002399 	 -0.073054 	 -0.001938
1.700000 	 0.002780 	 -0.072941 	 -0.001925
1.710000 	 0.003124 	 -0.072755 	 -0.001968
1.720000 	 0.002929 	 -0.073080 	 -0.002003
1.730000 	 0.002890 	 -0.073705 	 -0.001838
1.740000 	 0.002928 	 -0.073996 	 -0.002150
1.750000 	 0.003421 	 -0.073815 	 -0.002348
1.760000 	 0.002877 	 -0.073700 	 -0.002321
1.770000 	 0.003884 	 -0.073335 	 -0.002387
1.780000 	 0.003534 	 -0.073484 	 -0.002182
1.790000 	 0.002701 	 -0.073797 	 -0.002634
1.800000 	 0.003047 	 -0.073267 	 -0.002643
1.810000 	 0.003401 	 -0.073076 	 -0.002820
1.820000 	 0.003336 	 -0.073550 	 -0.003342
1.830000 	 0.002990 	 -0.073626 	 -0.003702
1.840000 	 0.003045 	 -0.073350 	 -0.003847
1.850000 	 0.003184 	 -0.073148 	 -0.003656
1.860000 	 0.003015 	 -0.073387 	 -0.003974
1.870000 	 0.003751 	 -0.073440 	 -0.004206
1.880000 	 0.002444 	 -0.073687 	 -0.004056
1.890000 	 0.002787 	 -0.073505 	 -0.004218
1.900000 	 0.002612 	 -0.073595 	 -0.004224
1.910000 	 0.002962 	 -0.073017 	 -0.004484
1.920000 	 0.002861 	 -0.072937 	 -0.004598
1.930000 	 0.002750 	 -0.073303 	 -0.004545
1.940000 	 0.002998 	 -0.073347 	 -0.004709
1.950000 	 0.002606 	 -0.073253 	 -0.004894
1.960000 	 0.003375 	 -0.073077 	 -0.005160
1.970000 	 0.002629 	 -0.073287 	 -0.005573
1.980000 	 0.002555 	 -0.073249 	 -0.005484
1.990000 	 0.002732 	 -0.072841 	 -0.005370
2.000000 	 0.002011 	 -0.073271 	 -0.005373
2.010000 	 0.003153 	 -0.073653 	 -0.005141
2.020000 	 0.002512 	 -0.073677 	 -0.005001
2.030000 	 0.002608 	 -0.073080 	 -0.005041
2.040000 	 0.002398 	 -0.072545 	 -0.005535
2.050000 	 0.002385 	 -0.072941 	 -0.005906
2.060000 	 0.002371 	 -0.073012 	 -0.005886
2.070000 	 0.001862 	 -0.073009 	 -0.005507
2.080000 	 0.003313 	 -0.073243 	 -0.005722
2.090000 	 0.002558 	 -0.073310 	 -0.005861
2.100000 	 0.002651 	 -0.073249 	 -0.006194
2.110000 	 0.001730 	 -0.073391 	 -0.006650
2.120000 	 0.001941 	 -0.072846 	 -0.006291
2.130000 	 0.001666 	 -0.072521 	 -0.006245
2.140000 	 0.001754 	 -0.072595 	 -0.006343
2.150000 	 0.002003 	 -0.073154 	 -0.006324
2.160000 	 0.001330 	 -0.073337 	 -0.005950
2.170000 	 0.001798 	 -0.073109 	 -0.005977
2.180000 	 0.001437 	 -0.073246 	 -0.006001
2.190000 	 0.001853 	 -0.073214 	 -0.006135
2.200000 	 0.001634 	 -0.072750 	 -0.005992
2.210000 	 0.001418 	 -0.072888 	 -0.005978
2.220000 	 0.001562 	 -0.072878 	 -0.005921
2.230000 	 0.000861 	 -0.072653 	 -0.005891
2.240000 	 0.000959 	 -0.072929 	 -0.005966
2.250000 	 0.000979 	 -0.073724 	 -0.006388
2.260000 	 0.000897 	 -0.074001 	 -0.006842
2.270000 	 0.000475 	 -0.073785 	 -0.006493
2.280000 	 -0.000010 	 -0.073412 	 -0.006111
2.290000 	 0.000600 	 -0.073802 	 -0.005953
2.300000 	 0.000374 	 -0.074112 	 -0.006093
2.310000 	 0.000190 	 -0.074149 	 -0.006695
2.320000 	 -0.000327 	 -0.073881 	 -0.007106
2.330000 	 -0.000182 	 -0.073945 	 -0.007053
2.340000 	 0.000053 	 -0.074134 	 -0.006865
2.350000 	 -0.000732 	 -0.074089 	 -0.006742
2.360000 	 -0.000555 	 -0.074406 	 -0.006715
2.370000 	 -0.000429 	 -0.074528 	 -0.006833
2.380000 	 -0.000195 	 -0.074499 	 -0.006793
2.390000 	 -0.000295 	 -0.073970 	 -0.006418
2.400000 	 -0.000547 	 -0.074022 	 -0.006470
2.410000 	 -0.000358 	 -0.074450 	 -0.006816
2.420000 	 -0.000590 	 -0.074529 	 -0.006816
2.430000 	 -0.000708 	 -0.074065 	 -0.006805
2.440000 	 -0.000220 	 -0.074364 	 -0.006496
2.450000 	 -0.000746 	 -0.074468 	 -0.006536
2.460000 	 -0.000813 	 -0.074613 	 -0.007076
2.470000 	 -0.001140 	 -0.074943 	 -0.007392
2.480000 	 -0.000391 	 -0.074761 	 -0.007075
2.490000 	 -0.000471 	 -0.075143 	 -0.006761
2.500000 	 -0.000566 	 -0.075329 	 -0.006781
2.510000 	 -0.000580 	 -0.075420 	 -0.007146
2.520000 	 -0.000800 	 -0.075756 	 -0.006759
2.530000 	 -0.000843 	 -0.076143 	 -0.006615
2.540000 	 -0.000700 	 -0.076173 	 -0.006959
2.550000 	 -0.001851 	 -0.076255 	 -0.006817
2.560000 	 -0.001045 	 -0.076416 	 -0.007063
2.570000 	 -0.002082 	 -0.076310 	 -0.006671
2.580000 	 -0.001472 	 -0.076607 	 -0.006746
2.590000 	 -0.001429 	 -0.076511 	 -0.006508
2.600000 	 -0.001231 	 -0.075923 	 -0.006372
2.610000 	 -0.001459 	 -0.076326 	 -0.006510
2.620000 	 -0.001443 	 -0.076528 	 -0.006530
2.630000 	 -0.001776 	 -0.076537 	 -0.006597
2.640000 	 -0.001840 	 -0.076635 	 -0.006593
2.650000 	 -0.001569 	 -0.077278 	 -0.006451
2.660000 	 -0.001057 	 -0.077271 	 -0.006336
2.670000 	 -0.001660 	 -0.077124 	 -0.006235
2.680000 	 -0.002397 	 -0.076619 	 -0.006184
2.690000 	 -0.002772 	 -0.076880 	 -0.006393
2.700000 	 -0.003471 	 -0.077118 	 -0.006416
2.710000 	 -0.003143 	 -0.076839 	 -0.006174
2.720000 	 -0.003005 	 -0.077117 	 -0.006542
2.730000 	 -0.002825 	 -0.077872 	 -0.006565
2.740000 	 -0.003513 	 -0.077880 	 -0.006409
2.750000 	 -0.003619 	 -0.078098 	 -0.006563
2.760000 	 -0.003222 	 -0.078220 	 -0.006256
2.770000 	 -0.003440 	 -0.078501 	 -0.006206
2.780000 	 -0.003472 	 -0.078705 	 -0.006181
2.790000 	 -0.004566 	 -0.078626 	 -0.006563
2.800000 	 -0.003788 	 -0.078579 	 -0.006690
2.810000 	 -0.003694 	 -0.078574 	 -0.006206
2.820000 	 -0.003450 	 -0.078811 	 -0.005985
2.830000 	 -0.003840 	 -0.078825 	 -0.005769
2.840000 	 -0.004389 	 -0.078852 	 -0.005633
2.850000 	 -0.004321 	 -0.078918 	 -0.005890
2.860000 	 -0.004808 	 -0.079209 	 -0.006084
2.870000 	 -0.004019 	 -0.079373 	 -0.006129
2.880000 	 -0.003698 	 -0.079790 	 -0.005426
2.890000 	 -0.003839 	 -0.079634 	 -0.005245
2.900000 	 -0.003761 	 -0.079677 	 -0.005352
2.910000 	 -0.004757 	 -0.079837 	 -0.005341
2.920000 	 -0.004779 	 -0.080108 	 -0.005797
2.930000 	 -0.004534 	 -0.080163 	 -0.005612
2.940000 	 -0.004601 	 -0.079996 	 -0.005224
2.950000 	 -0.004460 	 -0.080101 	 -0.005403
2.960000 	 -0.004579 	 -0.080284 	 -0.005179
2.970000 	 -0.004469 	 -0.080291 	 -0.005169
2.980000 	 -0.004775 	 -0.080328 	 -0.005009
2.990000 	 -0.005612 	 -0.081009 	 -0.004901
3.000000 	 -0.004567 	 -0.081016 	 -0.004773
3.010000 	 -0.005386 	 -0.081116 	 -0.005118
3.020000 	 -0.004641 	 -0.081411 	 -0.005071
3.030000 	 -0.005498 	 -0.081118 	 -0.004880
3.040000 	 -0.005978 	 -0.080845 	 -0.005131
3.050000 	 -0.005214 	 -0.081553 	 -0.004916
3.060000 	 -0.005439 	 -0.082066 	 -0.004986
3.070000 	 -0.004372 	 -0.082154 	 -0.005026
3.080000 	 -0.004881 	 -0.081659 	 -0.004588
3.090000 	 -0.004941 	 -0.081116 	 -0.004237
3.100000 	 -0.005142 	 -0.081133 	 -0.003692
3.110000 	 -0.005672 	 -0.081511 	 -0.003685
3.120000 	 -0.005378 	 -0.081551 	 -0.003742
3.130000 	 -0.005918 	 -0.081647 	 -0.004293
3.140000 	 -0.006002 	 -0.081461 	 -0.004515
3.150000 	 -0.005555 	 -0.081651 	 -0.004219
3.160000 	 -0.006093 	 -0.082230 	 -0.003989
3.170000 	 -0.005471 	 -0.082308 	 -0.004098
3.180000 	 -0.005281 	 -0.082333 	 -0.004052
3.190000 	 -0.005568 	 -0.082204 	 -0.004052
3.200000 	 -0.006062 	 -0.082008 	 -0.003697
3.210000 	 -0.005982 	 -0.082373 	 -0.003937
3.220000 	 -0.005750 	 -0.082424 	 -0.003957
3.230000 	 -0.005641 	 -0.082583 	 -0.004196
3.240000 	 -0.005608 	 -0.082955 	 -0.004174
3.250000 	 -0.005769 	 -0.082361 	 -0.003294
3.260000 	 -0.006255 	 -0.082038 	 -0.003143
3.270000 	 -0.006220 	 -0.082113 	 -0.003237
3.280000 	 -0.005976 	 -0.082206 	 -0.003256
3.290000 	 -0.006259 	 -0.082328 	 -0.003349
3.300000 	 -0.006331 	 -0.082730 	 -0.003228
3.310000 	 -0.006249 	 -0.082764 	 -0.003110
3.320000 	 -0.005998 	 -0.083139 	 -0.002932
3.330000 	 -0.006461 	 -0.083054 	 -0.002893
3.340000 	 -0.005804 	 -0.083283 	 -0.002747
3.350000 	 -0.005595 	 -0.083365 	 -0.002737
3.360000 	 -0.005881 	 -0.083217 	 -0.002748
3.370000 	 -0.005570 	 -0.083150 	 -0.002751
3.380000 	 -0.005833 	 -0.082841 	 -0.002414
3.390000 	 -0.005467 	 -0.082834 	 -0.001793
3.400000 	 -0.006111 	 -0.082974 	 -0.002042
3.410000 	 -0.006367 	 -0.083073 	 -0.002110
3.420000 	 -0.006460 	 -0.083153 	 -0.002403
3.430000 	 -0.006507 	 -0.083402 	 -0.002364
3.440000 	 -0.005692 	 -0.083392 	 -0.002094
3.450000 	 -0.006622 	 -0.083566 	 -0.002407
3.460000 	 -0.006741 	 -0.083830 	 -0.002506
3.470000 	 -0.006411 	 -0.084131 	 -0.002263
3.480000 	 -0.007096 	 -0.083616 	 -0.001847
3.490000 	 -0.006725 	 -0.083443 	 -0.001773
3.500000 	 -0.006863 	 -0.083468 	 -0.002123
3.510000 	 -0.006374 	 -0.083278 	 -0.001939
3.520000 	 -0.007285 	 -0.083753 	 -0.001616
3.530000 	 -0.006975 	 -0.084113 	 -0.002016
3.540000 	 -0.006766 	 -0.084255 	 -0.002039
3.550000 	 -0.007061 	 -0.084317 	 -0.001629
3.560000 	 -0.006834 	 -0.083844 	 -0.001215
3.570000 	 -0.007098 	 -0.083889 	 -0.001188
3.580000 	 -0.007253 	 -0.084023 	 -0.001450
3.590000 	 -0.007242 	 -0.084466 	 -0.001397
3.600000 	 -0.007455 	 -0.084406 	 -0.000934
3.610000 	 -0.006562 	 -0.084168 	 -0.000766
3.620000 	 -0.007094 	 -0.084213 	 -0.000854
3.630000 	 -0.006818 	 -0.084499 	 -0.000864
3.640000 	 -0.007576 	 -0.084418 	 -0.000954
3.650000 	 -0.007699 	 -0.084007 	 -0.000752
3.660000 	 -0.007785 	 -0.084140 	 -0.000869
3.670000 	 -0.007614 	 -0.083629 	 -0.000720
3.680000 	 -0.006794 	 -0.083296 	 -0.000534
3.690000 	 -0.007375 	 -0.083858 	 -0.000442
3.700000 	 -0.007948 	 -0.084345 	 -0.000387
3.710000 	 -0.007499 	 -0.083907 	 0.000060
3.720000 	 -0.007474 	 -0.083990 	 0.000019
3.730000 	 -0.007570 	 -0.084129 	 -0.000472
3.740000 	 -0.007699 	 -0.083652 	 -0.000531
3.750000 	 -0.007456 	 -0.084333 	 -0.000083
3.760000 	 -0.007200 	 -0.084250 	 0.000030
3.770000 	 -0.007514 	 -0.084088 	 0.000283
3.780000 	 -0.007286 	 -0.083959 	 0.000467
3.790000 	 -0.006976 	 -0.083581 	 0.000386
3.800000 	 -0.007474 	 -0.083191 	 0.000411
3.810000 	 -0.007205 	 -0.083879 	 0.000094
3.820000 	 -0.007057 	 -0.084352 	 -0.000091
3.830000 	 -0.007803 	 -0.084287 	 -0.000084
3.840000 	 -0.007013 	 -0.084364 	 0.000361
3.850000 	 -0.006998 	 -0.084205 	 0.000898
3.860000 	 -0.007391 	 -0.083791 	 0.000911
3.870000 	 -0.007472 	 -0.083643 	 0.001209
3.880000 	 -0.007340 	 -0.084240 	 0.001006
3.890000 	 -0.006799 	 -0.084169 	 0.001098
3.900000 	 -0.007475 	 -0.083978 	 0.000927
3.910000 	 -0.006716 	 -0.083976 	 0.000997
3.920000 	 -0.007313 	 -0.084127 	 0.001144
3.930000 	 -0.007489 	 -0.083571 	 0.001204
3.940000 	 -0.007310 	 -0.083787 	 0.000916
3.950000 	 -0.007710 	 -0.084289 	 0.000971
3.960000 	 -0.007626 	 -0.084504 	 0.001130
3.970000 	 -0.008223 	 -0.084467 	 0.001042
3.980000 	 -0.007445 	 -0.084204 	 0.001276
3.990000 	 -0.008169 	 -0.083693 	 0.001520
4.000000 	 -0.007175 	 -0.083877 	 0.001338
4.010000 	 -0.006823 	 -0.084268 	 0.001505
4.020000 	 -0.007450 	 -0.084339 	 0.001768
4.030000 	 -0.007165 	 -0.083938 	 0.002021
4.040000 	 -0.007306 	 -0.083695 	 0.001911
4.050000 	 -0.007591 	 -0.083975 	 0.001592
4.060000 	 -0.007876 	 -0.084127 	 0.001564
4.070000 	 -0.007726 	 -0.084207 	 0.001913
4.080000 	 -0.007468 	 -0.084556 	 0.001482
4.090000 	 -0.007560 	 -0.084183 	 0.001680
4.100000 	 -0.007486 	 -0.084280 	 0.001838
4.110000 	 -0.007867 	 -0.083998 	 0.002161
4.120000 	 -0.007564 	 -0.084082 	 0.002131
4.130000 	 -0.007424 	 -0.084147 	 0.002253
4.140000 	 -0.007517 	 -0.084061 	 0.002441
4.150000 	 -0.007340 	 -0.083883 	 0.002506
4.160000 	 -0.007616 	 -0.083900 	 0.002163
4.170000 	 -0.007624 	 -0.083783 	 0.002253
4.180000 	 -0.007532 	 -0.083619 	 0.002289
4.190000 	 -0.007204 	 -0.083920 	 0.002553
4.200000 	 -0.007462 	 -0.084524 	 0.002354
4.210000 	 -0.007714 	 -0.084933 	 0.002318
4.220000 	 -0.007282 	 -0.085004 	 0.002552
4.230000 	 -0.007328 	 -0.084772 	 0.002243
4.240000 	 -0.006921 	 -0.084297 	 0.001923
4.250000 	 -0.007005 	 -0.084571 	 0.002485
4.260000 	 -0.006521 	 -0.084920 	 0.003167
4.270000 	 -0.006909 	 -0.085321 	 0.003173
4.280000 	 -0.007203 	 -0.084622 	 0.002813
4.290000 	 -0.007375 	 -0.083876 	 0.003041
4.300000 	 -0.006994 	 -0.083988 	 0.003111
4.310000 	 -0.007247 	 -0.083957 	 0.003348
4.320000 	 -0.007275 	 -0.084293 	 0.003252
4.330000 	 -0.006798 	 -0.084624 	 0.003103
4.340000 	 -0.006629 	 -0.084744 	 0.003036
4.350000 	 -0.007030 	 -0.084305 	 0.003023
4.360000 	 -0.007571 	 -0.083896 	 0.003082
4.370000 	 -0.007173 	 -0.083890 	 0.003312
4.380000 	 -0.007198 	 -0.084246 	 0.003529
4.390000 	 -0.007325 	 -0.084518 	 0.003354
4.400000 	 -0.006817 	 -0.084716 	 0.003064
4.410000 	 -0.007090 	 -0.084280 	 0.003069
4.420000 	 -0.007189 	 -0.084018 	 0.003305
4.430000 	 -0.006975 	 -0.084562 	 0.003112
4.440000 	 -0.006302 	 -0.084409 	 0.003489
4.450000 	 -0.005902 	 -0.084366 	 0.003743
4.460000 	 -0.006497 	 -0.084325 	 0.003656
4.470000 	 -0.006781 	 -0.084819 	 0.003341
4.480000 	 -0.007502 	 -0.084950 	 0.003176
4.490000 	 -0.007480 	 -0.084604 	 0.003155
4.500000 	 -0.007670 	 -0.084664 	 0.003239
4.510000 	 -0.007536 	 -0.085475 	 0.003111
4.520000 	 -0.007032 	 -0.085599 	 0.002821
4.530000 	 -0.006780 	 -0.085260 	 0.003021
4.540000 	 -0.006406 	 -0.084906 	 0.003415
4.550000 	 -0.006741 	 -0.085215 	 0.003593
4.560000 	 -0.006234 	 -0.085266 	 0.003494
4.570000 	 -0.006467 	 -0.085217 	 0.003870
4.580000 	 -0.006545 	 -0.085515 	 0.004067
4.590000 	 -0.006508 	 -0.085789 	 0.004083
4.600000 	 -0.007428 	 -0.085547 	 0.003610
4.610000 	 -0.006828 	 -0.085530 	 0.003769
4.620000 	 -0.006453 	 -0.085894 	 0.003597
4.630000 	 -0.005822 	 -0.085745 	 0.003318
4.640000 	 -0.006698 	 -0.085801 	 0.003486
4.650000 	 -0.006885 	 -0.085721 	 0.003378
4.660000 	 -0.006290 	 -0.085722 	 0.003586
4.670000 	 -0.006312 	 -0.085417 	 0.003617
4.680000 	 -0.005412 	 -0.085383 	 0.003568
4.690000 	 -0.006094 	 -0.085627 	 0.003547
4.700000 	 -0.006647 	 -0.085687 	 0.003595
4.710000 	 -0.006087 	 -0.085822 	 0.003267
4.720000 	 -0.007088 	 -0.085639 	 0.003127
4.730000 	 -0.006509 	 -0.085502 	 0.003118
4.740000 	 -0.006419 	 -0.085882 	 0.003162
4.750000 	 -0.006494 	 -0.086504 	 0.003090
4.760000 	 -0.006270 	 -0.086492 	 0.003166
4.770000 	 -0.006541 	 -0.086554 	 0.003426
4.780000 	 -0.006040 	 -0.086741 	 0.003507
4.790000 	 -0.005941 	 -0.086536 	 0.003387
4.800000 	 -0.005617 	 -0.086562 	 0.003272
4.810000 	 -0.005916 	 -0.086522 	 0.003579
4.820000 	 -0.005886 	 -0.086185 	 0.003764
4.830000 	 -0.005242 	 -0.086047 	 0.003774
4.840000 	 -0.005496 	 -0.086425 	 0.003507
4.850000 	 -0.005633 	 -0.086661 	 0.003363
4.860000 	 -0.006048 	 -0.086574 	 0.003449
4.870000 	 -0.005399 	 -0.086830 	 0.003445
4.880000 	 -0.005741 	 -0.086973 	 0.003285
4.890000 	 -0.006340 	 -0.086865 	 0.003252
4.900000 	 -0.005602 	 -0.087209 	 0.003214
4.910000 	 -0.005562 	 -0.087110 	 0.003329
4.920000 	 -0.005774 	 -0.087030 	 0.003332
4.930000 	 -0.005823 	 -0.087226 	 0.003416
4.940000 	 -0.005285 	 -0.087130 	 0.003361
4.950000 	 -0.005565 	 -0.087425 	 0.003554
4.960000 	 -0.005527 	 -0.087168 	 0.003552
4.970000 	 -0.005946 	 -0.087112 	 0.003475
4.980000 	 -0.005769 	 -0.087186 	 0.003286
4.990000 	 -0.005512 	 -0.086866 	 0.003209
5.000000 	 -0.005583 	 -0.087400 	 0.002973
5.010000 	 -0.005260 	 -0.088248 	 0.003028
5.020000 	 -0.004825 	 -0.087858 	 0.003372
5.030000 	 -0.004869 	 -0.087326 	 0.003399
5.040000 	 -0.005214 	 -0.087986 	 0.003372
5.050000 	 -0.005130 	 -0.087981 	 0.002903
5.060000 	 -0.005064 	 -0.087487 	 0.003169
5.070000 	 -0.004360 	 -0.087853 	 0.003284
5.080000 	 -0.004641 	 -0.088521 	 0.003183
5.090000 	 -0.004666 	 -0.088212 	 0.003064
5.100000 	 -0.004884 	 -0.087879 	 0.003160
5.110000 	 -0.005212 	 -0.087880 	 0.002602
5.120000 	 -0.005185 	 -0.088285 	 0.002790
5.130000 	 -0.005072 	 -0.088410 	 0.002813
5.140000 	 -0.004291 	 -0.088592 	 0.002779
5.150000 	 -0.004529 	 -0.088814 	 0.002765
5.160000 	 -0.004409 	 -0.088871 	 0.003039
5.170000 	 -0.004783 	 -0.088743 	 0.003242
5.180000 	 -0.004599 	 -0.088615 	 0.002968
5.190000 	 -0.004540 	 -0.088470 	 0.002564
5.200000 	 -0.004528 	 -0.089071 	 0.002164
5.210000 	 -0.004063 	 -0.089462 	 0.002540
5.220000 	 -0.004341 	 -0.089142 	 0.002860
5.230000 	 -0.004310 	 -0.089152 	 0.002555
5.240000 	 -0.004315 	 -0.089505 	 0.002198
5.250000 	 -0.003742 	 -0.089743 	 0.002120
5.260000 	 -0.003724 	 -0.089534 	 0.002446
5.270000 	 -0.004308 	 -0.088836 	 0.002645
5.280000 	 -0.003664 	 -0.088841 	 0.002531
5.290000 	 -0.004507 	 -0.089258 	 0.002648
5.300000 	 -0.003987 	 -0.089294 	 0.002585
5.310000 	 -0.003654 	 -0.089493 	 0.002319
5.320000 	 -0.003579 	 -0.089681 	 0.002143
5.330000 	 -0.003625 	 -0.089577 	 0.002178
5.340000 	 -0.004002 	 -0.089640 	 0.001866
5.350000 	 -0.003894 	 -0.090428 	 0.001807
5.360000 	 -0.003906 	 -0.090231 	 0.001848
5.370000 	 -0.003822 	 -0.089964 	 0.001814
5.380000 	 -0.003581 	 -0.089911 	 0.001797
5.390000 	 -0.004151 	 -0.090141 	 0.001486
5.400000 	 -0.004060 	 -0.090368 	 0.001867
5.410000 	 -0.003295 	 -0.090234 	 0.002004
5.420000 	 -0.003550 	 -0.090312 	 0.001781
5.430000 	 -0.003158 	 -0.090336 	 0.001728
5.440000 	 -0.003054 	 -0.090637 	 0.001807
5.450000 	 -0.002802 	 -0.090630 	 0.002053
5.460000 	 -0.002905 	 -0.090141 	 0.002042
5.470000 	 -0.003625 	 -0.090095 	 0.002229
5.480000 	 -0.003250 	 -0.090585 	 0.001934
5.490000 	 -0.003680 	 -0.090925 	 0.001606
5.500000 	 -0.003647 	 -0.090959 	 0.001532
5.510000 	 -0.003658 	 -0.090340 	 0.001556
5.520000 	 -0.002892 	 -0.090240 	 0.001655
5.530000 	 -0.002408 	 -0.090168 	 0.001930
5.540000 	 -0.002221 	 -0.090630 	 0.002142
5.550000 	 -0.002799 	 -0.090871 	 0.002162
5.560000 	 -0.002923 	 -0.090775 	 0.001807
5.570000 	 -0.002598 	 -0.090573 	 0.001654
5.580000 	 -0.003206 	 -0.090569 	 0.001693
5.590000 	 -0.002479 	 -0.090517 	 0.001552
5.600000 	 -0.003218 	 -0.090978 	 0.001132
5.610000 	 -0.003423 	 -0.091265 	 0.001440
5.620000 	 -0.003209 	 -0.091379 	 0.001983
5.630000 	 -0.002857 	 -0.091176 	 0.001568
5.640000 	 -0.003211 	 -0.090776 	 0.001538
5.650000 	 -0.003119 	 -0.091018 	 0.001379
5.660000 	 -0.002939 	 -0.091747 	 0.001077
5.670000 	 -0.002735 	 -0.091077 	 0.001052
5.680000 	 -0.003037 	 -0.091123 	 0.001250
5.690000 	 -0.003179 	 -0.091180 	 0.000880
5.700000 	 -0.002604 	 -0.091505 	 0.000586
5.710000 	 -0.002371 	 -0.091375 	 0.001052
5.720000 	 -0.002377 	 -0.091658 	 0.001065
5.730000 	 -0.003189 	 -0.091590 	 0.000814
5.740000 	 -0.003496 	 -0.091304 	 0.000716
5.750000 	 -0.003259 	 -0.091210 	 0.001013
5.760000 	 -0.002323 	 -0.091352 	 0.000898
5.770000 	 -0.002598 	 -0.091577 	 0.000867
5.780000 	 -0.002586 	 -0.091864 	 0.000877
5.790000 	 -0.001888 	 -0.092068 	 0.000909
5.800000 	 -0.002140 	 -0.091753 	 0.000884
5.810000 	 -0.002219 	 -0.091914 	 0.000623
5.820000 	 -0.001979 	 -0.092219 	 0.000358
5.830000 	 -0.002165 	 -0.092237 	 0.000780
5.840000 	 -0.002302 	 -0.091935 	 0.000546
5.850000 	 -0.002431 	 -0.091877 	 0.000509
5.860000 	 -0.001972 	 -0.091942 	 0.000578
5.870000 	 -0.001322 	 -0.091996 	 0.000194
5.880000 	 -0.002215 	 -0.091970 	 0.000356
5.890000 	 -0.002291 	 -0.091807 	 0.000459
5.900000 	 -0.001964 	 -0.091950 	 0.000111
5.910000 	 -0.001438 	 -0.092204 	 0.000303
5.920000 	 -0.002007 	 -0.091874 	 0.000617
5.930000 	 -0.002011 	 -0.092001 	 0.000398
5.940000 	 -0.002282 	 -0.092077 	 -0.000333
5.950000 	 -0.002272 	 -0.092127 	 -0.000288
5.960000 	 -0.001608 	 -0.092095 	 -0.000188
5.970000 	 -0.001663 	 -0.091772 	 -0.000079
5.980000 	 -0.001825 	 -0.092079 	 -0.000047
5.990000 	 -0.001293 	 -0.092609 	 -0.000440
6.000000 	 -0.002201 	 -0.092490 	 -0.000572
6.010000 	 -0.001581 	 -0.092696 	 -0.000432
6.020000 	 -0.002155 	 -0.092710 	 -0.000331
6.030000 	 -0.001663 	 -0.092659 	 -0.000179
6.040000 	 -0.001178 	 -0.092658 	 -0.000001
6.050000 	 -0.000931 	 -0.092614 	 0.000048
6.060000 	 -0.001339 	 -0.092691 	 -0.000295
6.070000 	 -0.001577 	 -0.092802 	 -0.000670
6.080000 	 -0.001607 	 -0.092516 	 -0.000395
6.090000 	 -0.001491 	 -0.092586 	 -0.000382
6.100000 	 -0.001479 	 -0.093182 	 -0.000603
6.110000 	 -0.002070 	 -0.092742 	 -0.000462
6.120000 	 -0.001662 	 -0.092403 	 -0.000575
6.130000 	 -0.001299 	 -0.092773 	 -0.000748
6.140000 	 -0.001348 	 -0.093372 	 -0.000643
6.150000 	 -0.001144 	 -0.093251 	 -0.000847
6.160000 	 -0.001058 	 -0.093152 	 -0.000757
6.170000 	 -0.001033 	 -0.093284 	 -0.000790
6.180000 	 -0.000925 	 -0.093566 	 -0.000588
6.190000 	 -0.000603 	 -0.093425 	 -0.000586
6.200000 	 -0.001007 	 -0.092876 	 -0.000990
6.210000 	 -0.000694 	 -0.092841 	 -0.001371
6.220000 	 -0.001048 	 -0.093252 	 -0.000892
6.230000 	 -0.000183 	 -0.093750 	 -0.001116
6.240000 	 -0.000623 	 -0.093553 	 -0.000797
6.250000 	 -0.000590 	 -0.093229 	 -0.000428
6.260000 	 -0.000138 	 -0.093163 	 -0.000419
6.270000 	 -0.000621 	 -0.093274 	 -0.001144
6.280000 	 -0.000689 	 -0.093221 	 -0.001161
6.290000 	 -0.000994 	 -0.093161 	 -0.001186
6.300000 	 -0.000532 	 -0.093215 	 -0.001395
6.310000 	 -0.001004 	 -0.093547 	 -0.001280
6.320000 	 -0.000647 	 -0.093644 	 -0.001200
6.330000 	 -0.000292 	 -0.093468 	 -0.001557
6.340000 	 -0.000615 	 -0.093539 	 -0.001669
6.350000 	 0.000248 	 -0.094095 	 -0.001988
6.360000 	 -0.000563 	 -0.094144 	 -0.001814
6.370000 	 -0.000338 	 -0.094000 	 -0.001656
6.380000 	 -0.000461 	 -0.093858 	 -0.001736
6.390000 	 -0.000804 	 -0.093996 	 -0.001488
6.400000 	 0.000201 	 -0.094159 	 -0.001125
6.410000 	 -0.000010 	 -0.093839 	 -0.001056
6.420000 	 -0.000576 	 -0.093449 	 -0.001539
6.430000 	 -0.000185 	 -0.093481 	 -0.001565
6.440000 	 -0.000423 	 -0.093956 	 -0.001850
6.450000 	 0.000034 	 -0.094226 	 -0.001857
6.460000 	 -0.000318 	 -0.094474 	 -0.002091
6.470000 	 -0.000875 	 -0.093691 	 -0.001708
6.480000 	 -0.000329 	 -0.093946 	 -0.001395
6.490000 	 -0.000120 	 -0.094318 	 -0.001681
6.500000 	 0.000494 	 -0.094572 	 -0.001851
6.510000 	 -0.000062 	 -0.094476 	 -0.002039
6.520000 	 0.000389 	 -0.094014 	 -0.002217
6.530000 	 0.000176 	 -0.093922 	 -0.001862
6.540000 	 0.000162 	 -0.094002 	 -0.001834
6.550000 	 0.000376 	 -0.094578 	 -0.002170
6.560000 	 0.000461 	 -0.094747 	 -0.002254
6.570000 	 0.000245 	 -0.094535 	 -0.002318
6.580000 	 -0.000099 	 -0.094225 	 -0.002509
6.590000 	 0.000527 	 -0.094548 	 -0.002747
6.600000 	 -0.000017 	 -0.094351 	 -0.002701
6.610000 	 -0.000147 	 -0.094568 	 -0.002631
6.620000 	 0.000267 	 -0.095006 	 -0.002250
6.630000 	 0.000904 	 -0.094721 	 -0.002107
6.640000 	 0.000089 	 -0.094708 	 -0.002574
6.650000 	 -0.000389 	 -0.094480 	 -0.003043
6.660000 	 -0.000311 	 -0.094612 	 -0.002870
6.670000 	 0.000604 	 -0.094350 	 -0.002983
6.680000 	 0.000716 	 -0.094492 	 -0.002752
6.690000 	 0.000326 	 -0.094703 	 -0.002336
6.700000 	 0.000418 	 -0.094710 	 -0.002440
6.710000 	 0.000920 	 -0.094527 	 -0.002655
6.720000 	 -0.000065 	 -0.094639 	 -0.002846
6.730000 	 -0.000493 	 -0.094302 	 -0.002853
6.740000 	 0.000351 	 -0.094373 	 -0.002999
6.750000 	 0.000338 	 -0.094784 	 -0.003561
6.760000 	 0.000544 	 -0.094363 	 -0.003326
6.770000 	 -0.000017 	 -0.094481 	 -0.002681
6.780000 	 0.000028 	 -0.094600 	 -0.002618
6.790000 	 0.000195 	 -0.094845 	 -0.002832
6.800000 	 0.000547 	 -0.094782 	 -0.002920
6.810000 	 -0.000129 	 -0.094866 	 -0.003276
6.820000 	 -0.000156 	 -0.094977 	 -0.003655
6.830000 	 0.000050 	 -0.094527 	 -0.003721
6.840000 	 -0.000062 	 -0.094447 	 -0.003561
6.850000 	 -0.000072 	 -0.094082 	 -0.003193
6.860000 	 -0.000647 	 -0.093915 	 -0.003304
6.870000 	 0.000532 	 -0.094484 	 -0.003392
6.880000 	 0.000514 	 -0.094571 	 -0.003425
6.890000 	 -0.000311 	 -0.094437 	 -0.003476
6.900000 	 -0.000989 	 -0.094515 	 -0.003242
6.910000 	 -0.001156 	 -0.095231 	 -0.003428
6.920000 	 -0.000267 	 -0.095255 	 -0.003655
6.930000 	 -0.000027 	 -0.095128 	 -0.003199
6.940000 	 0.000654 	 -0.095110 	 -0.003096
6.950000 	 0.000713 	 -0.095679 	 -0.003348
6.960000 	 0.000347 	 -0.095220 	 -0.003433
6.970000 	 -0.000020 	 -0.095253 	 -0.003712
6.980000 	 -0.000383 	 -0.095839 	 -0.004065
6.990000 	 -0.000412 	 -0.095817 	 -0.004182
7.000000 	 -0.000187 	 -0.095390 	 -0.004190
7.010000 	 0.000167 	 -0.095540 	 -0.004002
7.020000 	 0.000899 	 -0.095474 	 -0.004066
7.030000 	 -0.000167 	 -0.095398 	 -0.004265
7.040000 	 -0.000455 	 -0.095026 	 -0.003962
7.050000 	 0.000036 	 -0.094929 	 -0.003747
7.060000 	 -0.000170 	 -0.095614 	 -0.003831
7.070000 	 -0.000140 	 -0.095945 	 -0.003955
7.080000 	 -0.000120 	 -0.095880 	 -0.003943
7.090000 	 0.000368 	 -0.095735 	 -0.003909
7.100000 	 0.000376 	 -0.095741 	 -0.004135
7.110000 	 0.000249 	 -0.095594 	 -0.004444
7.120000 	 0.000256 	 -0.095291 	 -0.004495
7.130000 	 0.000622 	 -0.095201 	 -0.004299
7.140000 	 0.000220 	 -0.095176 	 -0.004059
7.150000 	 0.000282 	 -0.095120 	 -0.004352
7.160000 	 0.000195 	 -0.095179 	 -0.004691
7.170000 	 0.000414 	 -0.095313 	 -0.004629
7.180000 	 0.000488 	 -0.095431 	 -0.004494
7.190000 	 0.001283 	 -0.095778 	 -0.004463
7.200000 	 0.000688 	 -0.095873 	 -0.004515
7.210000 	 0.000189 	 -0.096215 	 -0.004819
7.220000 	 0.000209 	 -0.096033 	 -0.004784
7.230000 	 0.001163 	 -0.095964 	 -0.005024
7.240000 	 0.000663 	 -0.096174 	 -0.005032
7.250000 	 0.000087 	 -0.095824 	 -0.004677
7.260000 	 0.000002 	 -0.095569 	 -0.004375
7.270000 	 0.000259 	 -0.095254 	 -0.004808
7.280000 	 -0.000057 	 -0.094994 	 -0.004845
7.290000 	 0.000357 	 -0.095460 	 -0.004519
7.300000 	 0.000781 	 -0.096603 	 -0.004532
7.310000 	 0.000288 	 -0.096349 	 -0.005038
7.320000 	 -0.000194 	 -0.095874 	 -0.004702
7.330000 	 0.000039 	 -0.095720 	 -0.004561
7.340000 	 0.000287 	 -0.095900 	 -0.004784
7.350000 	 0.001070 	 -0.096237 	 -0.004916
7.360000 	 0.000403 	 -0.096630 	 -0.005241
7.370000 	 0.000418 	 -0.096377 	 -0.005306
7.380000 	 0.000607 	 -0.096027 	 -0.004759
7.390000 	 0.000092 	 -0.096521 	 -0.005134
7.400000 	 0.001033 	 -0.096757 	 -0.005003
7.410000 	 0.000611 	 -0.096729 	 -0.005005
7.420000 	 0.001149 	 -0.096262 	 -0.005171
7.430000 	 0.000093 	 -0.096011 	 -0.005185
7.440000 	 0.000316 	 -0.096364 	 -0.005331
7.450000 	 0.000092 	 -0.096807 	 -0.005527
7.460000 	 -0.000359 	 -0.097064 	 -0.005535
7.470000 	 0.000070 	 -0.097022 	 -0.005543
7.480000 	 -0.000304 	 -0.096666 	 -0.005809
7.490000 	 -0.000106 	 -0.096492 	 -0.005797
7.500000 	 -0.000111 	 -0.096670 	 -0.005623
7.510000 	 0.000361 	 -0.096976 	 -0.005300
7.520000 	 0.000348 	 -0.096932 	 -0.005142
7.530000 	 0.000207 	 -0.096844 	 -0.005312
7.540000 	 -0.000180 	 -0.096741 	 -0.005573
7.550000 	 -0.000857 	 -0.096667 	 -0.005474
7.560000 	 -0.001020 	 -0.096700 	 -0.005570
7.570000 	 -0.000556 	 -0.097025 	 -0.005588
7.580000 	 0.000435 	 -0.096817 	 -0.005567
7.590000 	 -0.000061 	 -0.096549 	 -0.005261
7.600000 	 -0.000301 	 -0.096848 	 -0.005525
7.610000 	 -0.000411 	 -0.097263 	 -0.005790
7.620000 	 -0.000528 	 -0.097594 	 -0.005997
7.630000 	 -0.000348 	 -0.097351 	 -0.005881
7.640000 	 -0.000228 	 -0.097041 	 -0.005778
7.650000 	 -0.000213 	 -0.097247 	 -0.005554
7.660000 	 -0.000668 	 -0.097547 	 -0.005496
7.670000 	 -0.000885 	 -0.097481 	 -0.006043
7.680000 	 -0.000569 	 -0.097069 	 -0.006118
7.690000 	 -0.000441 	 -0.097506 	 -0.006301
7.700000 	 -0.000463 	 -0.097729 	 -0.006333
7.710000 	 -0.000322 	 -0.097575 	 -0.006362
7.720000 	 0.000032 	 -0.097712 	 -0.005646
7.730000 	 -0.000319 	 -0.098052 	 -0.005669
7.740000 	 -0.000558 	 -0.098068 	 -0.005927
7.750000 	 -0.000896 	 -0.097580 	 -0.006092
7.760000 	 -0.000473 	 -0.097386 	 -0.006556
7.770000 	 -0.000926 	 -0.097585 	 -0.006471
7.780000 	 -0.000193 	 -0.097887 	 -0.006192
7.790000 	 -0.000003 	 -0.098391 	 -0.006285
7.800000 	 -0.000755 	 -0.098657 	 -0.006521
7.810000 	 -0.000899 	 -0.098269 	 -0.006339
7.820000 	 -0.000868 	 -0.098137 	 -0.005852
7.830000 	 -0.000413 	 -0.098344 	 -0.005992
7.840000 	 -0.000716 	 -0.098338 	 -0.006062
7.850000 	 -0.001436 	 -0.098432 	 -0.006228
7.860000 	 -0.000698 	 -0.098280 	 -0.006331
7.870000 	 -0.001073 	 -0.098001 	 -0.006173
7.880000 	 -0.001168 	 -0.097871 	 -0.005882
7.890000 	 -0.001218 	 -0.098119 	 -0.005745
7.900000 	 -0.000900 	 -0.097917 	 -0.005729
7.910000 	 -0.001243 	 -0.097942 	 -0.005941
7.920000 	 -0.001158 	 -0.098081 	 -0.006205
7.930000 	 -0.001491 	 -0.098091 	 -0.006049
7.940000 	 -0.001367 	 -0.098460 	 -0.005980
7.950000 	 -0.001277 	 -0.098372 	 -0.006671
7.960000 	 -0.001421 	 -0.097956 	 -0.006616
7.970000 	 -0.001523 	 -0.097866 	 -0.006315
7.980000 	 -0.001171 	 -0.098051 	 -0.006301
7.990000 	 -0.001662 	 -0.098544 	 -0.006312
8.000000 	 -0.001705 	 -0.098409 	 -0.006547
8.010000 	 -0.002302 	 -0.098705 	 -0.006618
8.020000 	 -0.001478 	 -0.098643 	 -0.006553
8.030000 	 -0.001557 	 -0.098825 	 -0.006670
8.040000 	 -0.000913 	 -0.098434 	 -0.006124
8.050000 	 -0.000719 	 -0.098672 	 -0.006083
8.060000 	 -0.000428 	 -0.099103 	 -0.006225
8.070000 	 -0.000924 	 -0.098950 	 -0.006370
8.080000 	 -0.001334 	 -0.098112 	 -0.006439
8.090000 	 -0.001281 	 -0.098013 	 -0.006474
8.100000 	 -0.001567 	 -0.098030 	 -0.006192
8.110000 	 -0.001547 	 -0.098144 	 -0.005612
8.120000 	 -0.001446 	 -0.098076 	 -0.005785
8.130000 	 -0.001573 	 -0.098091 	 -0.006062
8.140000 	 -0.001385 	 -0.097770 	 -0.006102
8.150000 	 -0.002563 	 -0.097545 	 -0.006296
8.160000 	 -0.002715 	 -0.097968 	 -0.006321
8.170000 	 -0.002557 	 -0.097797 	 -0.006527
8.180000 	 -0.002639 	 -0.097893 	 -0.006742
8.190000 	 -0.001773 	 -0.098730 	 -0.006786
8.200000 	 -0.001735 	 -0.098610 	 -0.006955
8.210000 	 -0.001469 	 -0.098468 	 -0.006948
8.220000 	 -0.002091 	 -0.098789 	 -0.006845
8.230000 	 -0.002021 	 -0.098668 	 -0.006483
8.240000 	 -0.001531 	 -0.098474 	 -0.005793
8.250000 	 -0.002359 	 -0.098200 	 -0.005981
8.260000 	 -0.001866 	 -0.097845 	 -0.006583
8.270000 	 -0.001869 	 -0.097885 	 -0.006715
8.280000 	 -0.002483 	 -0.098428 	 -0.006560
8.290000 	 -0.002578 	 -0.098185 	 -0.006724
8.300000 	 -0.003022 	 -0.097629 	 -0.006593
8.310000 	 -0.002111 	 -0.097708 	 -0.006364
8.320000 	 -0.002103 	 -0.098239 	 -0.006523
8.330000 	 -0.001250 	 -0.098524 	 -0.006393
8.340000 	 -0.001470 	 -0.098296 	 -0.006589
8.350000 	 -0.002086 	 -0.098114 	 -0.006505
8.360000 	 -0.001765 	 -0.097838 	 -0.006162
8.370000 	 -0.002258 	 -0.097989 	 -0.006022
8.380000 	 -0.002361 	 -0.098095 	 -0.006290
8.390000 	 -0.001828 	 -0.098153 	 -0.006465
8.400000 	 -0.001814 	 -0.098014 	 -0.006232
8.410000 	 -0.001655 	 -0.098075 	 -0.006069
8.420000 	 -0.001872 	 -0.097986 	 -0.005786
8.430000 	 -0.001878 	 -0.098103 	 -0.005948
8.440000 	 -0.001805 	 -0.098179 	 -0.006251
8.450000 	 -0.002276 	 -0.098309 	 -0.006515
8.460000 	 -0.002872 	 -0.098613 	 -0.006722
8.470000 	 -0.002820 	 -0.098434 	 -0.006698
8.480000 	 -0.002482 	 -0.098140 	 -0.006494
8.490000 	 -0.002466 	 -0.097652 	 -0.006236
8.500000 	 -0.002443 	 -0.097322 	 -0.006284
8.510000 	 -0.002262 	 -0.097599 	 -0.006369
8.520000 	 -0.002816 	 -0.097352 	 -0.006415
8.530000 	 -0.002630 	 -0.097280 	 -0.006510
8.540000 	 -0.003229 	 -0.097436 	 -0.006748
8.550000 	 -0.003286 	 -0.097710 	 -0.006878
8.560000 	 -0.002902 	 -0.098095 	 -0.006699
8.570000 	 -0.002505 	 -0.098266 	 -0.006726
8.580000 	 -0.002690 	 -0.097664 	 -0.006614
8.590000 	 -0.002776 	 -0.096979 	 -0.006385
8.600000 	 -0.002924 	 -0.097001 	 -0.005973
8.610000 	 -0.002888 	 -0.097638 	 -0.005787
8.620000 	 -0.001994 	 -0.098003 	 -0.005791
8.630000 	 -0.003062 	 -0.098134 	 -0.005816
8.640000 	 -0.002184 	 -0.098222 	 -0.005570
8.650000 	 -0.002399 	 -0.097788 	 -0.005600
8.660000 	 -0.002991 	 -0.097561 	 -0.005845
8.670000 	 -0.002621 	 -0.097618 	 -0.006170
8.680000 	 -0.002540 	 -0.097817 	 -0.006132
8.690000 	 -0.002211 	 -0.097544 	 -0.005921
8.700000 	 -0.002156 	 -0.097195 	 -0.005602
8.710000 	 -0.002882 	 -0.097069 	 -0.005509
8.720000 	 -0.002668 	 -0.096971 	 -0.005607
8.730000 	 -0.003117 	 -0.097533 	 -0.005944
8.740000 	 -0.003114 	 -0.097838 	 -0.006508
8.750000 	 -0.003412 	 -0.097327 	 -0.005810
8.760000 	 -0.003535 	 -0.097330 	 -0.005505
8.770000 	 -0.003163 	 -0.097217 	 -0.005802
8.780000 	 -0.002751 	 -0.096795 	 -0.006007
8.790000 	 -0.002805 	 -0.097078 	 -0.006242
8.800000 	 -0.003584 	 -0.097305 	 -0.006135
8.810000 	 -0.003549 	 -0.097196 	 -0.005840
8.820000 	 -0.003009 	 -0.097342 	 -0.005991
8.830000 	 -0.003281 	 -0.097405 	 -0.006240
8.840000 	 -0.003373 	 -0.097299 	 -0.005962
8.850000 	 -0.003006 	 -0.097256 	 -0.005506
8.860000 	 -0.003099 	 -0.097447 	 -0.005454
8.870000 	 -0.003488 	 -0.097563 	 -0.005740
8.880000 	 -0.003075 	 -0.097383 	 -0.005970
8.890000 	 -0.003340 	 -0.097240 	 -0.005703
8.900000 	 -0.002935 	 -0.097307 	 -0.005616
8.910000 	 -0.003426 	 -0.097529 	 -0.005597
8.920000 	 -0.003880 	 -0.097196 	 -0.005510
8.930000 	 -0.003653 	 -0.097029 	 -0.005533
8.940000 	 -0.003971 	 -0.097223 	 -0.005458
8.950000 	 -0.003845 	 -0.097139 	 -0.005883
8.960000 	 -0.003573 	 -0.096901 	 -0.005786
8.970000 	 -0.004151 	 -0.096923 	 -0.005642
8.980000 	 -0.003772 	 -0.097313 	 -0.005775
8.990000 	 -0.003181 	 -0.096952 	 -0.005513
9.000000 	 -0.003328 	 -0.096892 	 -0.006005
9.010000 	 -0.003347 	 -0.096978 	 -0.005889
9.020000 	 -0.003994 	 -0.096937 	 -0.005723
9.030000 	 -0.003855 	 -0.097202 	 -0.005932
9.040000 	 -0.004266 	 -0.096888 	 -0.006077
9.050000 	 -0.004014 	 -0.096607 	 -0.006130
9.060000 	 -0.004062 	 -0.096270 	 -0.005756
9.070000 	 -0.004034 	 -0.096227 	 -0.005784
9.080000 	 -0.003982 	 -0.096313 	 -0.005588
9.090000 	 -0.004077 	 -0.096134 	 -0.005350
9.100000 	 -0.004721 	 -0.096388 	 -0.005775
9.110000 	 -0.004355 	 -0.096472 	 -0.005554
9.120000 	 -0.004607 	 -0.096369 	 -0.005445
9.130000 	 -0.004749 	 -0.096397 	 -0.005551
9.140000 	 -0.004276 	 -0.096447 	 -0.005146
9.150000 	 -0.003827 	 -0.096265 	 -0.005465
9.160000 	 -0.004778 	 -0.095706 	 -0.005422
9.170000 	 -0.004585 	 -0.095318 	 -0.005471
9.180000 	 -0.004243 	 -0.095635 	 -0.005402
9.190000 	 -0.003863 	 -0.096147 	 -0.004921
9.200000 	 -0.004153 	 -0.095777 	 -0.005252
9.210000 	 -0.004577 	 -0.095248 	 -0.005457
9.220000 	 -0.004479 	 -0.095034 	 -0.005088
9.230000 	 -0.004325 	 -0.095535 	 -0.005171
9.240000 	 -0.004382 	 -0.096073 	 -0.005151
9.250000 	 -0.004667 	 -0.096145 	 -0.005455
9.260000 	 -0.005261 	 -0.095779 	 -0.005767
9.270000 	 -0.004925 	 -0.095621 	 -0.005630
9.280000 	 -0.004646 	 -0.095706 	 -0.005278
9.290000 	 -0.004549 	 -0.095704 	 -0.005239
9.300000 	 -0.005512 	 -0.095272 	 -0.004977
9.310000 	 -0.004671 	 -0.095186 	 -0.004934
9.320000 	 -0.004778 	 -0.095385 	 -0.004898
9.330000 	 -0.004536 	 -0.095640 	 -0.004937
9.340000 	 -0.004085 	 -0.095248 	 -0.005005
9.350000 	 -0.005126 	 -0.094899 	 -0.005195
9.360000 	 -0.004930 	 -0.094975 	 -0.005294
9.370000 	 -0.005402 	 -0.095006 	 -0.005150
9.380000 	 -0.005257 	 -0.095482 	 -0.005338
9.390000 	 -0.004739 	 -0.095638 	 -0.005230
9.400000 	 -0.004779 	 -0.095659 	 -0.005056
9.410000 	 -0.005039 	 -0.095665 	 -0.005053
9.420000 	 -0.005186 	 -0.095986 	 -0.005003
9.430000 	 -0.005452 	 -0.095456 	 -0.005458
9.440000 	 -0.005781 	 -0.095007 	 -0.005398
9.450000 	 -0.005663 	 -0.094755 	 -0.005228
9.460000 	 -0.005884 	 -0.094679 	 -0.005178
9.470000 	 -0.005625 	 -0.094895 	 -0.005017
9.480000 	 -0.005523 	 -0.095151 	 -0.004659
9.490000 	 -0.005303 	 -0.095350 	 -0.004903
9.500000 	 -0.005283 	 -0.095149 	 -0.005080
9.510000 	 -0.005991 	 -0.094813 	 -0.004996
9.520000 	 -0.005302 	 -0.094827 	 -0.004681
9.530000 	 -0.004984 	 -0.094872 	 -0.004318
9.540000 	 -0.004750 	 -0.094987 	 -0.004202
9.550000 	 -0.005598 	 -0.094714 	 -0.004366
9.560000 	 -0.005242 	 -0.094702 	 -0.004353
9.570000 	 -0.005125 	 -0.094854 	 -0.004645
9.580000 	 -0.005549 	 -0.094471 	 -0.004917
9.590000 	 -0.005463 	 -0.095427 	 -0.005173
9.600000 	 -0.005144 	 -0.095590 	 -0.005309
9.610000 	 -0.005537 	 -0.095019 	 -0.004763
9.620000 	 -0.004928 	 -0.094848 	 -0.004501
9.630000 	 -0.005775 	 -0.094750 	 -0.004581
9.640000 	 -0.005734 	 -0.094697 	 -0.004700
9.650000 	 -0.006168 	 -0.094876 	 -0.004837
9.660000 	 -0.005119 	 -0.095051 	 -0.004881
9.670000 	 -0.005345 	 -0.094793 	 -0.004747
9.680000 	 -0.005607 	 -0.094844 	 -0.004556
9.690000 	 -0.005292 	 -0.094464 	 -0.004224
9.700000 	 -0.005457 	 -0.094056 	 -0.004007
9.710000 	 -0.005822 	 -0.093739 	 -0.004166
9.720000 	 -0.006346 	 -0.093992 	 -0.004392
9.730000 	 -0.006536 	 -0.094286 	 -0.004489
9.740000 	 -0.006698 	 -0.093954 	 -0.004452
9.750000 	 -0.005812 	 -0.093831 	 -0.004535
9.760000 	 -0.005844 	 -0.094409 	 -0.004518
9.770000 	 -0.005649 	 -0.094338 	 -0.004390
9.780000 	 -0.005780 	 -0.093843 	 -0.003942
9.790000 	 -0.005354 	 -0.093994 	 -0.003977
9.800000 	 -0.005568 	 -0.094105 	 -0.004131
9.810000 	 -0.006287 	 -0.094279 	 -0.004174
9.820000 	 -0.006567 	 -0.093992 	 -0.004076
9.830000 	 -0.006349 	 -0.094276 	 -0.004448
9.840000 	 -0.006051 	 -0.094346 	 -0.004651
9.850000 	 -0.006026 	 -0.094156 	 -0.004412
9.860000 	 -0.005897 	 -0.094109 	 -0.003872
9.870000 	 -0.006046 	 -0.093755 	 -0.003874
9.880000 	 -0.006019 	 -0.093757 	 -0.003710
9.890000 	 -0.006175 	 -0.093861 	 -0.003847
9.900000 	 -0.006187 	 -0.093983 	 -0.003691
9.910000 	 -0.006678 	 -0.093490 	 -0.003777
9.920000 	 -0.006082 	 -0.093513 	 -0.003662
9.930000 	 -0.006139 	 -0.093922 	 -0.003806
9.940000 	 -0.006089 	 -0.094086 	 -0.004071
9.950000 	 -0.006446 	 -0.094187 	 -0.003836
9.960000 	 -0.006104 	 -0.094136 	 -0.003916
9.970000 	 -0.006463 	 -0.093898 	 -0.004191
9.980000 	 -0.006369 	 -0.094280 	 -0.004343
9.990000 	 -0.006699 	 -0.093596 	 -0.004159
10.000000 	 -0.006732 	 -0.093692 	 -0.003991
10.010000 	 -0.006094 	 -0.093777 	 -0.003595
10.020000 	 -0.006397 	 -0.093918 	 -0.003411
10.030000 	 -0.006330 	 -0.093934 	 -0.003559
10.040000 	 -0.006213 	 -0.094093 	 -0.003392
10.050000 	 -0.006098 	 -0.094024 	 -0.003633
10.060000 	 -0.006329 	 -0.094122 	 -0.003620
10.070000 	 -0.006804 	 -0.093903 	 -0.003965
10.080000 	 -0.006496 	 -0.093535 	 -0.003552
10.090000 	 -0.006672 	 -0.093746 	 -0.003593
10.100000 	 -0.006547 	 -0.093763 	 -0.003347
10.110000 	 -0.006743 	 -0.093424 	 -0.003152
10.120000 	 -0.006667 	 -0.093598 	 -0.003442
10.130000 	 -0.006502 	 -0.093849 	 -0.003496
10.140000 	 -0.006495 	 -0.093917 	 -0.003291
10.150000 	 -0.006200 	 -0.093458 	 -0.003592
10.160000 	 -0.006147 	 -0.093085 	 -0.003448
10.170000 	 -0.005966 	 -0.093137 	 -0.003178
10.180000 	 -0.006541 	 -0.093400 	 -0.003347
10.190000 	 -0.006450 	 -0.093330 	 -0.003622
10.200000 	 -0.006638 	 -0.093135 	 -0.003635
10.210000 	 -0.007048 	 -0.093446 	 -0.003734
10.220000 	 -0.006446 	 -0.094072 	 -0.003666
10.230000 	 -0.006679 	 -0.093923 	 -0.003624
10.240000 	 -0.006573 	 -0.093470 	 -0.003487
10.250000 	 -0.006749 	 -0.093399 	 -0.003020
10.260000 	 -0.007072 	 -0.093000 	 -0.003277
10.270000 	 -0.006850 	 -0.092930 	 -0.003407
10.280000 	 -0.006791 	 -0.093041 	 -0.003497
10.290000 	 -0.007065 	 -0.092996 	 -0.003390
10.300000 	 -0.007066 	 -0.092756 	 -0.003208
10.310000 	 -0.006634 	 -0.093428 	 -0.003365
10.320000 	 -0.006650 	 -0.093829 	 -0.003375
10.330000 	 -0.006626 	 -0.094106 	 -0.003649
10.340000 	 -0.006661 	 -0.093342 	 -0.003630
10.350000 	 -0.006732 	 -0.093235 	 -0.003748
10.360000 	 -0.006995 	 -0.093086 	 -0.003636
10.370000 	 -0.006836 	 -0.093179 	 -0.003104
10.380000 	 -0.007146 	 -0.093076 	 -0.002753
10.390000 	 -0.006524 	 -0.092897 	 -0.002743
10.400000 	 -0.006870 	 -0.093003 	 -0.003086
10.410000 	 -0.006825 	 -0.092821 	 -0.003271
10.420000 	 -0.006289 	 -0.093340 	 -0.003338
10.430000 	 -0.006854 	 -0.093247 	 -0.003112
10.440000 	 -0.006872 	 -0.093239 	 -0.003033
10.450000 	 -0.006624 	 -0.092862 	 -0.003031
10.460000 	 -0.006669 	 -0.092665 	 -0.002938
10.470000 	 -0.006475 	 -0.092999 	 -0.002701
10.480000 	 -0.007458 	 -0.092750 	 -0.002949
10.490000 	 -0.007535 	 -0.092457 	 -0.003140
10.500000 	 -0.008039 	 -0.092515 	 -0.003356
10.510000 	 -0.007516 	 -0.092938 	 -0.002880
10.520000 	 -0.007000 	 -0.092652 	 -0.002677
10.530000 	 -0.006462 	 -0.091995 	 -0.002626
10.540000 	 -0.006817 	 -0.091766 	 -0.002564
10.550000 	 -0.007082 	 -0.092275 	 -0.002404
10.560000 	 -0.006971 	 -0.092453 	 -0.002585
10.570000 	 -0.006883 	 -0.092234 	 -0.002881
10.580000 	 -0.007024 	 -0.092428 	 -0.003125
10.590000 	 -0.007137 	 -0.092662 	 -0.002939
10.600000 	 -0.006802 	 -0.092850 	 -0.002858
10.610000 	 -0.007161 	 -0.093197 	 -0.002340
10.620000 	 -0.006711 	 -0.092548 	 -0.002571
10.630000 	 -0.007217 	 -0.092453 	 -0.002487
10.640000 	 -0.006636 	 -0.092846 	 -0.002507
10.650000 	 -0.006861 	 -0.093061 	 -0.002663
10.660000 	 -0.006595 	 -0.092657 	 -0.002899
10.670000 	 -0.007620 	 -0.092257 	 -0.002786
10.680000 	 -0.007257 	 -0.092346 	 -0.002592
10.690000 	 -0.006808 	 -0.092264 	 -0.002627
10.700000 	 -0.007284 	 -0.092169 	 -0.002605
10.710000 	 -0.006956 	 -0.092151 	 -0.002727
10.720000 	 -0.007517 	 -0.091891 	 -0.002418
10.730000 	 -0.007625 	 -0.092283 	 -0.002231
10.740000 	 -0.007689 	 -0.092780 	 -0.002215
10.750000 	 -0.007185 	 -0.092305 	 -0.002221
10.760000 	 -0.007164 	 -0.092046 	 -0.002235
10.770000 	 -0.007012 	 -0.092062 	 -0.002390
10.780000 	 -0.006612 	 -0.092446 	 -0.002583
10.790000 	 -0.007013 	 -0.092371 	 -0.002209
10.800000 	 -0.006708 	 -0.091516 	 -0.001884
10.810000 	 -0.007130 	 -0.091433 	 -0.001935
10.820000 	 -0.007650 	 -0.092109 	 -0.002262
10.830000 	 -0.007294 	 -0.092538 	 -0.002437
10.840000 	 -0.007151 	 -0.092808 	 -0.002569
10.850000 	 -0.007521 	 -0.092761 	 -0.002428
10.860000 	 -0.006818 	 -0.093392 	 -0.002424
10.870000 	 -0.007323 	 -0.092790 	 -0.002269
10.880000 	 -0.007032 	 -0.092544 	 -0.002216
10.890000 	 -0.007131 	 -0.092306 	 -0.002062
10.900000 	 -0.006192 	 -0.091777 	 -0.002004
10.910000 	 -0.006931 	 -0.092098 	 -0.002058
10.920000 	 -0.007358 	 -0.092085 	 -0.002105
10.930000 	 -0.007135 	 -0.092214 	 -0.002035
10.940000 	 -0.007280 	 -0.092116 	 -0.001756
10.950000 	 -0.006408 	 -0.092085 	 -0.001775
10.960000 	 -0.006352 	 -0.091870 	 -0.001809
10.970000 	 -0.006724 	 -0.092079 	 -0.002309
10.980000 	 -0.006504 	 -0.092359 	 -0.002389
10.990000 	 -0.006953 	 -0.092344 	 -0.001986
11.000000 	 -0.007018 	 -0.092108 	 -0.001641
11.010000 	 -0.006903 	 -0.092174 	 -0.001510
11.020000 	 -0.006595 	 -0.092160 	 -0.001736
11.030000 	 -0.006818 	 -0.092140 	 -0.001975
11.040000 	 -0.007434 	 -0.092289 	 -0.002260
11.050000 	 -0.007883 	 -0.092032 	 -0.001940
11.060000 	 -0.007649 	 -0.091845 	 -0.001891
11.070000 	 -0.007479 	 -0.091920 	 -0.001906
11.080000 	 -0.006667 	 -0.092403 	 -0.001948
11.090000 	 -0.007030 	 -0.092162 	 -0.001691
11.100000 	 -0.006934 	 -0.091592 	 -0.001361
11.110000 	 -0.006936 	 -0.091818 	 -0.001425
11.120000 	 -0.006479 	 -0.092192 	 -0.001555
11.130000 	 -0.006139 	 -0.092178 	 -0.001911
11.140000 	 -0.006713 	 -0.092004 	 -0.001884
11.150000 	 -0.006923 	 -0.091899 	 -0.001856
11.160000 	 -0.006806 	 -0.091290 	 -0.001891
11.170000 	 -0.007821 	 -0.090910 	 -0.001839
11.180000 	 -0.007162 	 -0.090941 	 -0.001751
11.190000 	 -0.007431 	 -0.091259 	 -0.001606
11.200000 	 -0.007199 	 -0.091565 	 -0.001531
11.210000 	 -0.006639 	 -0.091927 	 -0.001518
11.220000 	 -0.006525 	 -0.091897 	 -0.001504
11.230000 	 -0.006424 	 -0.092137 	 -0.001304
11.240000 	 -0.006387 	 -0.092403 	 -0.001347
11.250000 	 -0.006782 	 -0.092376 	 -0.001712
11.260000 	 -0.006692 	 -0.091737 	 -0.001672
11.270000 	 -0.006685 	 -0.091430 	 -0.001580
11.280000 	 -0.006138 	 -0.091639 	 -0.001616
11.290000 	 -0.006489 	 -0.091414 	 -0.001880
11.300000 	 -0.006476 	 -0.091165 	 -0.001971
11.310000 	 -0.007108 	 -0.090798 	 -0.001344
11.320000 	 -0.007212 	 -0.090640 	 -0.001148
11.330000 	 -0.006599 	 -0.089977 	 -0.001146
11.340000 	 -0.006937 	 -0.089862 	 -0.001073
11.350000 	 -0.006970 	 -0.090386 	 -0.001418
11.360000 	 -0.006489 	 -0.091015 	 -0.001483
11.370000 	 -0.006546 	 -0.091202 	 -0.001335
11.380000 	 -0.006117 	 -0.091220 	 -0.001411
11.390000 	 -0.006486 	 -0.090712 	 -0.001773
11.400000 	 -0.007021 	 -0.090470 	 -0.001558
11.410000 	 -0.007239 	 -0.090329 	 -0.001242
11.420000 	 -0.007012 	 -0.090067 	 -0.001309
11.430000 	 -0.006647 	 -0.090274 	 -0.001279
11.440000 	 -0.006731 	 -0.090304 	 -0.001369
11.450000 	 -0.006927 	 -0.090498 	 -0.001639
11.460000 	 -0.006632 	 -0.090332 	 -0.001639
11.470000 	 -0.007063 	 -0.089880 	 -0.001435
11.480000 	 -0.007249 	 -0.089669 	 -0.001104
11.490000 	 -0.006357 	 -0.089968 	 -0.001016
11.500000 	 -0.006297 	 -0.089986 	 -0.000963
11.510000 	 -0.006318 	 -0.089494 	 -0.000960
11.520000 	 -0.005954 	 -0.089350 	 -0.000755
11.530000 	 -0.005827 	 -0.089459 	 -0.001027
11.540000 	 -0.006036 	 -0.089503 	 -0.000978
11.550000 	 -0.006926 	 -0.089103 	 -0.000924
11.560000 	 -0.006599 	 -0.088666 	 -0.000891
11.570000 	 -0.006821 	 -0.089173 	 -0.001051
11.580000 	 -0.006721 	 -0.089267 	 -0.001001
11.590000 	 -0.006821 	 -0.089131 	 -0.000938
11.600000 	 -0.006639 	 -0.089231 	 -0.000902
11.610000 	 -0.005958 	 -0.089654 	 -0.000824
11.620000 	 -0.006280 	 -0.089417 	 -0.000777
11.630000 	 -0.006352 	 -0.089378 	 -0.000960
11.640000 	 -0.006351 	 -0.089334 	 -0.001005
11.650000 	 -0.006685 	 -0.089052 	 -0.000863
11.660000 	 -0.006717 	 -0.088899 	 -0.001183
11.670000 	 -0.006430 	 -0.088699 	 -0.000805
11.680000 	 -0.006045 	 -0.088659 	 -0.000571
11.690000 	 -0.006027 	 -0.089306 	 -0.000642
11.700000 	 -0.006140 	 -0.089289 	 -0.000850
11.710000 	 -0.005757 	 -0.088879 	 -0.000693
11.720000 	 -0.005771 	 -0.088748 	 -0.000539
11.730000 	 -0.006113 	 -0.088864 	 -0.000626
11.740000 	 -0.006046 	 -0.088634 	 -0.000913
11.750000 	 -0.006045 	 -0.088856 	 -0.001039
11.760000 	 -0.005848 	 -0.088750 	 -0.001079
11.770000 	 -0.005873 	 -0.088176 	 -0.000745
11.780000 	 -0.005742 	 -0.087864 	 -0.000778
11.790000 	 -0.005651 	 -0.088201 	 -0.000273
11.800000 	 -0.005682 	 -0.088027 	 -0.000243
11.810000 	 -0.006442 	 -0.087682 	 -0.000549
11.820000 	 -0.006296 	 -0.088072 	 -0.001388
11.830000 	 -0.006123 	 -0.088148 	 -0.001116
11.840000 	 -0.005897 	 -0.088068 	 -0.000696
11.850000 	 -0.006019 	 -0.087855 	 -0.000538
11.860000 	 -0.005740 	 -0.087760 	 -0.000903
11.870000 	 -0.005799 	 -0.087877 	 -0.001028
11.880000 	 -0.006330 	 -0.087627 	 -0.000827
11.890000 	 -0.006820 	 -0.087586 	 -0.000841
11.900000 	 -0.006262 	 -0.087898 	 -0.001336
11.910000 	 -0.005685 	 -0.087823 	 -0.000882
11.920000 	 -0.005511 	 -0.087366 	 -0.000577
11.930000 	 -0.005540 	 -0.087440 	 -0.000493
11.940000 	 -0.005546 	 -0.087577 	 -0.000938
11.950000 	 -0.005613 	 -0.087879 	 -0.000922
11.960000 	 -0.005664 	 -0.087616 	 -0.000954
11.970000 	 -0.006274 	 -0.087380 	 -0.001088
11.980000 	 -0.005413 	 -0.087430 	 -0.000784
11.990000 	 -0.005603 	 -0.087261 	 -0.000413
12.000000 	 -0.005242 	 -0.087046 	 -0.000710
12.010000 	 -0.005179 	 -0.087432 	 -0.001016
12.020000 	 -0.006033 	 -0.087869 	 -0.001253
12.030000 	 -0.005681 	 -0.087532 	 -0.000814
12.040000 	 -0.005608 	 -0.087269 	 -0.000837
12.050000 	 -0.005949 	 -0.087118 	 -0.000712
12.060000 	 -0.004999 	 -0.086793 	 -0.000618
12.070000 	 -0.005032 	 -0.086612 	 -0.000492
12.080000 	 -0.005170 	 -0.086534 	 -0.000704
12.090000 	 -0.005582 	 -0.086948 	 -0.000498
12.100000 	 -0.005453 	 -0.087217 	 -0.000776
12.110000 	 -0.005419 	 -0.087326 	 -0.000890
12.120000 	 -0.005232 	 -0.087184 	 -0.000678
12.130000 	 -0.005858 	 -0.086695 	 -0.000315
12.140000 	 -0.005143 	 -0.086534 	 -0.000492
12.150000 	 -0.005772 	 -0.086726 	 -0.001179
12.160000 	 -0.005596 	 -0.086608 	 -0.000783
12.170000 	 -0.005125 	 -0.086328 	 0.000080
12.180000 	 -0.005128 	 -0.086093 	 0.000199
12.190000 	 -0.005109 	 -0.085734 	 0.000101
12.200000 	 -0.005733 	 -0.085673 	 -0.000214
12.210000 	 -0.005140 	 -0.086302 	 -0.000434
12.220000 	 -0.005553 	 -0.086119 	 -0.000333
12.230000 	 -0.004891 	 -0.086033 	 0.000146
12.240000 	 -0.004978 	 -0.085744 	 0.000153
12.250000 	 -0.005693 	 -0.085318 	 -0.000560
12.260000 	 -0.005697 	 -0.085477 	 0.000025
12.270000 	 -0.005510 	 -0.085759 	 0.000126
12.280000 	 -0.004859 	 -0.085780 	 -0.000212
12.290000 	 -0.005583 	 -0.085790 	 -0.000620
12.300000 	 -0.004984 	 -0.085558 	 -0.000181
12.310000 	 -0.005050 	 -0.085582 	 0.000159
12.320000 	 -0.005242 	 -0.085716 	 -0.000143
12.330000 	 -0.004406 	 -0.085771 	 -0.000592
12.340000 	 -0.005626 	 -0.085595 	 -0.000594
12.350000 	 -0.005410 	 -0.085605 	 -0.000156
12.360000 	 -0.005050 	 -0.085705 	 0.000118
12.370000 	 -0.005279 	 -0.086149 	 0.000257
12.380000 	 -0.005008 	 -0.085751 	 -0.000028
12.390000 	 -0.004893 	 -0.085437 	 -0.000206
12.400000 	 -0.004945 	 -0.085289 	 -0.000147
12.410000 	 -0.005308 	 -0.085264 	 -0.000225
12.420000 	 -0.004687 	 -0.085520 	 -0.000357
12.430000 	 -0.005039 	 -0.084971 	 -0.000434
12.440000 	 -0.004943 	 -0.084950 	 -0.000280
12.450000 	 -0.005091 	 -0.085498 	 -0.000297
12.460000 	 -0.004975 	 -0.085391 	 -0.000126
12.470000 	 -0.004783 	 -0.084786 	 0.000088
12.480000 	 -0.004745 	 -0.084203 	 -0.000084
12.490000 	 -0.004942 	 -0.084215 	 -0.000707
12.500000 	 -0.005156 	 -0.085624 	 -0.000850
12.510000 	 -0.004977 	 -0.085678 	 -0.000721
12.520000 	 -0.004263 	 -0.085042 	 -0.000824
12.530000 	 -0.004683 	 -0.084724 	 -0.000533
12.540000 	 -0.004527 	 -0.084441 	 -0.000213
12.550000 	 -0.004775 	 -0.084870 	 -0.000046
12.560000 	 -0.004780 	 -0.084920 	 -0.000444
12.570000 	 -0.004603 	 -0.085083 	 -0.000938
12.580000 	 -0.004453 	 -0.084435 	 -0.000664
12.590000 	 -0.004934 	 -0.083883 	 -0.000914
12.600000 	 -0.004165 	 -0.084003 	 -0.000790
12.610000 	 -0.004755 	 -0.084066 	 -0.000660
12.620000 	 -0.004921 	 -0.084493 	 -0.000848
12.630000 	 -0.004620 	 -0.084285 	 -0.000810
12.640000 	 -0.004710 	 -0.084154 	 -0.000775
12.650000 	 -0.004741 	 -0.083747 	 -0.000790
12.660000 	 -0.005218 	 -0.083343 	 -0.000932
12.670000 	 -0.004922 	 -0.084097 	 -0.000981
12.680000 	 -0.005279 	 -0.084228 	 -0.000800
12.690000 	 -0.005613 	 -0.084089 	 -0.000656
12.700000 	 -0.004550 	 -0.084088 	 -0.001062
12.710000 	 -0.004783 	 -0.084063 	 -0.001197
12.720000 	 -0.004390 	 -0.083825 	 -0.000843
12.730000 	 -0.004700 	 -0.084092 	 -0.000618
12.740000 	 -0.004020 	 -0.084116 	 -0.000634
12.750000 	 -0.003384 	 -0.084064 	 -0.000876
12.760000 	 -0.003878 	 -0.083670 	 -0.001011
12.770000 	 -0.004326 	 -0.083510 	 -0.001295
12.780000 	 -0.003831 	 -0.083613 	 -0.000992
12.790000 	 -0.003939 	 -0.083686 	 -0.000696
12.800000 	 -0.004044 	 -0.083716 	 -0.000803
12.810000 	 -0.004049 	 -0.083644 	 -0.001029
12.820000 	 -0.003695 	 -0.083590 	 -0.001588
12.830000 	 -0.004060 	 -0.083518 	 -0.001648
12.840000 	 -0.003565 	 -0.083452 	 -0.001348
12.850000 	 -0.003408 	 -0.083209 	 -0.000897
12.860000 	 -0.003513 	 -0.082699 	 -0.000570
12.870000 	 -0.004110 	 -0.082629 	 -0.000852
12.880000 	 -0.003911 	 -0.082752 	 -0.001313
12.890000 	 -0.004309 	 -0.083108 	 -0.001540
12.900000 	 -0.004482 	 -0.083512 	 -0.001468
12.910000 	 -0.004466 	 -0.083378 	 -0.001544
12.920000 	 -0.004263 	 -0.083104 	 -0.001513
12.930000 	 -0.003957 	 -0.082759 	 -0.001243
12.940000 	 -0.003946 	 -0.082587 	 -0.000871
12.950000 	 -0.003770 	 -0.082464 	 -0.001213
12.960000 	 -0.004172 	 -0.082505 	 -0.001320
12.970000 	 -0.004083 	 -0.082591 	 -0.001511
12.980000 	 -0.003381 	 -0.082347 	 -0.001158
12.990000 	 -0.004088 	 -0.082260 	 -0.001137
13.000000 	 -0.003563 	 -0.082441 	 -0.001155
13.010000 	 -0.004001 	 -0.082461 	 -0.001133
13.020000 	 -0.004551 	 -0.081954 	 -0.001188
13.030000 	 -0.004320 	 -0.081903 	 -0.001294
13.040000 	 -0.004127 	 -0.081748 	 -0.001402
13.050000 	 -0.003977 	 -0.081782 	 -0.001590
13.060000 	 -0.004254 	 -0.082193 	 -0.001628
13.070000 	 -0.004293 	 -0.082337 	 -0.001779
13.080000 	 -0.004004 	 -0.082295 	 -0.001635
13.090000 	 -0.004158 	 -0.081592 	 -0.001399
13.100000 	 -0.003696 	 -0.081600 	 -0.001068
13.110000 	 -0.003372 	 -0.081614 	 -0.001291
13.120000 	 -0.003585 	 -0.081847 	 -0.001749
13.130000 	 -0.004002 	 -0.081931 	 -0.002245
13.140000 	 -0.004372 	 -0.081872 	 -0.001983
13.150000 	 -0.004103 	 -0.081689 	 -0.001858
13.160000 	 -0.004101 	 -0.081438 	 -0.001827
13.170000 	 -0.003944 	 -0.081136 	 -0.001914
13.180000 	 -0.003989 	 -0.081045 	 -0.002022
13.190000 	 -0.003286 	 -0.081510 	 -0.002217
13.200000 	 -0.003291 	 -0.082075 	 -0.002504
13.210000 	 -0.004245 	 -0.081265 	 -0.002348
13.220000 	 -0.003579 	 -0.081291 	 -0.002125
13.230000 	 -0.003377 	 -0.081789 	 -0.002314
13.240000 	 -0.003626 	 -0.082234 	 -0.002220
13.250000 	 -0.002830 	 -0.081887 	 -0.002063
13.260000 	 -0.003200 	 -0.080777 	 -0.002247
13.270000 	 -0.003511 	 -0.080113 	 -0.002392
13.280000 	 -0.003046 	 -0.080669 	 -0.002024
13.290000 	 -0.002808 	 -0.081489 	 -0.001909
13.300000 	 -0.002751 	 -0.081476 	 -0.002170
13.310000 	 -0.002804 	 -0.080884 	 -0.002203
13.320000 	 -0.002471 	 -0.080367 	 -0.002056
13.330000 	 -0.002556 	 -0.080289 	 -0.001966
13.340000 	 -0.002732 	 -0.080238 	 -0.002228
13.350000 	 -0.002900 	 -0.080330 	 -0.002515
13.360000 	 -0.003327 	 -0.080192 	 -0.002573
13.370000 	 -0.002838 	 -0.079982 	 -0.002557
13.380000 	 -0.002767 	 -0.079830 	 -0.002151
13.390000 	 -0.003058 	 -0.080206 	 -0.002351
13.400000 	 -0.002921 	 -0.080156 	 -0.002562
13.410000 	 -0.003166 	 -0.079315 	 -0.002675
13.420000 	 -0.003160 	 -0.079469 	 -0.002928
13.430000 	 -0.002960 	 -0.079871 	 -0.003040
13.440000 	 -0.002964 	 -0.079777 	 -0.003225
13.450000 	 -0.002399 	 -0.079376 	 -0.003037
13.460000 	 -0.002871 	 -0.078999 	 -0.002570
13.470000 	 -0.002811 	 -0.079370 	 -0.002815
13.480000 	 -0.002847 	 -0.079064 	 -0.002744
13.490000 	 -0.003587 	 -0.079057 	 -0.002861
13.500000 	 -0.002882 	 -0.079328 	 -0.003009
13.510000 	 -0.003484 	 -0.079294 	 -0.003324
13.520000 	 -0.003069 	 -0.079286 	 -0.003346
13.530000 	 -0.003063 	 -0.079383 	 -0.003339
13.540000 	 -0.003121 	 -0.079104 	 -0.003244
13.550000 	 -0.002950 	 -0.078861 	 -0.003215
13.560000 	 -0.003618 	 -0.078377 	 -0.002860
13.570000 	 -0.003005 	 -0.078132 	 -0.003475
13.580000 	 -0.003247 	 -0.078412 	 -0.003396
13.590000 	 -0.003461 	 -0.078779 	 -0.003473
13.600000 	 -0.003332 	 -0.078201 	 -0.003238
13.610000 	 -0.003579 	 -0.078254 	 -0.003348
13.620000 	 -0.002865 	 -0.078759 	 -0.003346
13.630000 	 -0.003537 	 -0.078601 	 -0.003826
13.640000 	 -0.003341 	 -0.078372 	 -0.003816
13.650000 	 -0.002979 	 -0.078136 	 -0.003690
13.660000 	 -0.003841 	 -0.077974 	 -0.003754
13.670000 	 -0.003566 	 -0.078018 	 -0.003721
13.680000 	 -0.003674 	 -0.077962 	 -0.003559
13.690000 	 -0.003339 	 -0.078325 	 -0.003479
13.700000 	 -0.003517 	 -0.078096 	 -0.003663
13.710000 	 -0.003492 	 -0.078319 	 -0.003895
13.720000 	 -0.003487 	 -0.078509 	 -0.003978
13.730000 	 -0.003423 	 -0.078261 	 -0.003801
13.740000 	 -0.003189 	 -0.078054 	 -0.003656
13.750000 	 -0.003183 	 -0.078032 	 -0.004117
13.760000 	 -0.003072 	 -0.078197 	 -0.004185
13.770000 	 -0.003096 	 -0.078047 	 -0.003876
13.780000 	 -0.003438 	 -0.077689 	 -0.004142
13.790000 	 -0.003253 	 -0.077938 	 -0.004264
13.800000 	 -0.003033 	 -0.078032 	 -0.004053
13.810000 	 -0.001778 	 -0.077673 	 -0.003772
13.820000 	 -0.002280 	 -0.077668 	 -0.003845
13.830000 	 -0.002454 	 -0.078197 	 -0.004356
13.840000 	 -0.002591 	 -0.078700 	 -0.004456
13.850000 	 -0.002346 	 -0.078206 	 -0.004479
13.860000 	 -0.002929 	 -0.077333 	 -0.004232
13.870000 	 -0.002733 	 -0.077298 	 -0.004552
13.880000 	 -0.002720 	 -0.077956 	 -0.004894
13.890000 	 -0.002836 	 -0.078002 	 -0.004950
13.900000 	 -0.002641 	 -0.077232 	 -0.004482
13.910000 	 -0.002114 	 -0.077406 	 -0.004776
13.920000 	 -0.002480 	 -0.077588 	 -0.005372
13.930000 	 -0.002042 	 -0.077730 	 -0.005305
13.940000 	 -0.001454 	 -0.077521 	 -0.004951
13.950000 	 -0.002250 	 -0.077481 	 -0.004879
13.960000 	 -0.002166 	 -0.077867 	 -0.005102
13.970000 	 -0.002827 	 -0.078093 	 -0.005208
13.980000 	 -0.002269 	 -0.077402 	 -0.005182
13.990000 	 -0.002197 	 -0.077321 	 -0.005258
14.000000 	 -0.002544 	 -0.077020 	 -0.005042
14.010000 	 -0.002085 	 -0.077179 	 -0.005105
14.020000 	 -0.002199 	 -0.077041 	 -0.005735
14.030000 	 -0.002413 	 -0.077008 	 -0.005603
14.040000 	 -0.002150 	 -0.077068 	 -0.005336
14.050000 	 -0.001480 	 -0.076870 	 -0.005422
14.060000 	 -0.001494 	 -0.077078 	 -0.005512
14.070000 	 -0.001722 	 -0.077218 	 -0.005923
14.080000 	 -0.001400 	 -0.076969 	 -0.005905
14.090000 	 -0.001166 	 -0.076325 	 -0.005663
14.100000 	 -0.002023 	 -0.075951 	 -0.006024
14.110000 	 -0.001609 	 -0.075935 	 -0.006333
14.120000 	 -0.001661 	 -0.075804 	 -0.006422
14.130000 	 -0.001594 	 -0.075954 	 -0.006426
14.140000 	 -0.002588 	 -0.075720 	 -0.006386
14.150000 	 -0.001920 	 -0.076066 	 -0.006425
14.160000 	 -0.001612 	 -0.076023 	 -0.006207
14.170000 	 -0.002061 	 -0.075914 	 -0.005918
14.180000 	 -0.001220 	 -0.075923 	 -0.006315
14.190000 	 -0.001305 	 -0.075517 	 -0.006557
14.200000 	 -0.001275 	 -0.075466 	 -0.006400
14.210000 	 -0.001394 	 -0.075590 	 -0.006244
14.220000 	 -0.001600 	 -0.074964 	 -0.005894
14.230000 	 -0.001138 	 -0.074369 	 -0.006208
14.240000 	 -0.001648 	 -0.074354 	 -0.006395
14.250000 	 -0.001311 	 -0.074619 	 -0.006756
14.260000 	 -0.001572 	 -0.074759 	 -0.006711
14.270000 	 -0.001066 	 -0.075174 	 -0.006530
14.280000 	 -0.000802 	 -0.075529 	 -0.006600
14.290000 	 -0.001567 	 -0.075493 	 -0.007253
14.300000 	 -0.001259 	 -0.074495 	 -0.007228
14.310000 	 -0.001511 	 -0.074067 	 -0.007123
14.320000 	 -0.001538 	 -0.074201 	 -0.007159
14.330000 	 -0.001533 	 -0.074429 	 -0.007077
14.340000 	 -0.000899 	 -0.074347 	 -0.006959
14.350000 	 -0.000558 	 -0.074438 	 -0.006917
14.360000 	 -0.000933 	 -0.074319 	 -0.007075
14.370000 	 -0.001188 	 -0.074067 	 -0.006984
14.380000 	 -0.001152 	 -0.074084 	 -0.006901
14.390000 	 -0.001442 	 -0.074219 	 -0.006778
14.400000 	 -0.001206 	 -0.074277 	 -0.006819
14.410000 	 -0.000267 	 -0.074310 	 -0.007069
14.420000 	 -0.000717 	 -0.074274 	 -0.007192
14.430000 	 -0.001322 	 -0.074574 	 -0.007115
14.440000 	 -0.000964 	 -0.073961 	 -0.006973
14.450000 	 -0.001486 	 -0.073902 	 -0.006953
14.460000 	 -0.000744 	 -0.073937 	 -0.007637
14.470000 	 -0.001015 	 -0.074000 	 -0.008186
14.480000 	 -0.000945 	 -0.074422 	 -0.007896
14.490000 	 -0.000193 	 -0.074764 	 -0.007979
14.500000 	 -0.000625 	 -0.074532 	 -0.008141
14.510000 	 -0.000527 	 -0.074264 	 -0.008140
14.520000 	 -0.000325 	 -0.074011 	 -0.007948
14.530000 	 -0.000206 	 -0.074531 	 -0.007505
14.540000 	 -0.000515 	 -0.074194 	 -0.007655
14.550000 	 -0.000726 	 -0.073763 	 -0.007805
14.560000 	 -0.000818 	 -0.074072 	 -0.007804
14.570000 	 -0.000566 	 -0.074152 	 -0.008060
14.580000 	 -0.000410 	 -0.074207 	 -0.008040
14.590000 	 -0.000442 	 -0.074463 	 -0.008190
14.600000 	 -0.000145 	 -0.074406 	 -0.008354
14.610000 	 -0.000259 	 -0.074196 	 -0.008172
14.620000 	 0.000006 	 -0.074236 	 -0.008476
14.630000 	 0.000106 	 -0.074512 	 -0.008676
14.640000 	 0.000014 	 -0.074393 	 -0.008724
14.650000 	 0.000242 	 -0.073921 	 -0.008528
14.660000 	 -0.000218 	 -0.074119 	 -0.008413
14.670000 	 -0.000160 	 -0.074172 	 -0.008956
14.680000 	 0.000021 	 -0.073910 	 -0.009335
14.690000 	 -0.000780 	 -0.074447 	 -0.009421
14.700000 	 0.000113 	 -0.074628 	 -0.009378
14.710000 	 0.000170 	 -0.074352 	 -0.009105
14.720000 	 0.000086 	 -0.074214 	 -0.008779
14.730000 	 0.000265 	 -0.074108 	 -0.008877
14.740000 	 -0.000521 	 -0.074100 	 -0.009461
14.750000 	 -0.000373 	 -0.074285 	 -0.009339
14.760000 	 -0.000232 	 -0.074715 	 -0.009622
14.770000 	 0.000435 	 -0.074796 	 -0.009904
14.780000 	 -0.000112 	 -0.074848 	 -0.010233
14.790000 	 0.000298 	 -0.074679 	 -0.010085
14.800000 	 0.000411 	 -0.074053 	 -0.010048
14.810000 	 0.000142 	 -0.073678 	 -0.010484
14.820000 	 -0.000346 	 -0.073803 	 -0.010128
14.830000 	 -0.000023 	 -0.073874 	 -0.010142
14.840000 	 -0.000178 	 -0.073726 	 -0.010300
14.850000 	 0.000745 	 -0.073272 	 -0.010293
14.860000 	 -0.000074 	 -0.073770 	 -0.010451
14.870000 	 -0.000186 	 -0.073656 	 -0.010772
14.880000 	 0.000280 	 -0.073737 	 -0.010938
14.890000 	 0.000048 	 -0.073522 	 -0.010924
14.900000 	 0.000270 	 -0.073623 	 -0.010840
14.910000 	 0.000176 	 -0.073672 	 -0.010878
14.920000 	 0.000554 	 -0.073782 	 -0.011419
14.930000 	 0.000186 	 -0.073764 	 -0.011728
14.940000 	 0.000409 	 -0.073906 	 -0.011065
14.950000 	 0.000466 	 -0.073678 	 -0.010666
14.960000 	 0.000134 	 -0.073567 	 -0.010978
14.970000 	 -0.000435 	 -0.073005 	 -0.011338
14.980000 	 0.000227 	 -0.073436 	 -0.011129
14.990000 	 0.000899 	 -0.073170 	 -0.011384
15.000000 	 0.000619 	 -0.072978 	 -0.011547
15.010000 	 -0.000216 	 -0.073235 	 -0.011932
15.020000 	 -0.000295 	 -0.073242 	 -0.011714
15.030000 	 0.000627 	 -0.073046 	 -0.011866
15.040000 	 0.001272 	 -0.072538 	 -0.012150
15.050000 	 0.000728 	 -0.072864 	 -0.012382
15.060000 	 0.000822 	 -0.072531 	 -0.012179
15.070000 	 0.001349 	 -0.072769 	 -0.012075
15.080000 	 0.000809 	 -0.073054 	 -0.012060
15.090000 	 0.000724 	 -0.072231 	 -0.011795
15.100000 	 0.000233 	 -0.071737 	 -0.011891
15.110000 	 0.000338 	 -0.071921 	 -0.012015
15.120000 	 0.000522 	 -0.072120 	 -0.011911
15.130000 	 0.000660 	 -0.072200 	 -0.012045
15.140000 	 0.000956 	 -0.072013 	 -0.012259
15.150000 	 0.000620 	 -0.071713 	 -0.012634
15.160000 	 0.000282 	 -0.071322 	 -0.013140
15.170000 	 -0.000738 	 -0.070320 	 -0.013119
15.180000 	 0.000125 	 -0.070319 	 -0.012517
15.190000 	 0.000229 	 -0.070761 	 -0.011995
15.200000 	 0.000096 	 -0.071048 	 -0.012162
15.210000 	 -0.000350 	 -0.070901 	 -0.012607
15.220000 	 -0.000405 	 -0.070487 	 -0.012523
15.230000 	 0.000168 	 -0.070269 	 -0.012514
15.240000 	 0.000427 	 -0.070251 	 -0.012825
15.250000 	 0.000242 	 -0.070260 	 -0.012817
15.260000 	 0.000055 	 -0.070249 	 -0.012731
15.270000 	 -0.000430 	 -0.069981 	 -0.012773
15.280000 	 -0.000601 	 -0.069697 	 -0.012626
15.290000 	 -0.000665 	 -0.069605 	 -0.012860
15.300000 	 -0.000249 	 -0.069902 	 -0.013418
15.310000 	 0.000310 	 -0.069953 	 -0.013525
15.320000 	 -0.000358 	 -0.069658 	 -0.013285
15.330000 	 -0.000187 	 -0.069434 	 -0.012957
15.340000 	 -0.000779 	 -0.069160 	 -0.012986
15.350000 	 -0.000072 	 -0.069147 	 -0.013234
15.360000 	 -0.000900 	 -0.068757 	 -0.013459
15.370000 	 -0.001069 	 -0.068811 	 -0.013579
15.380000 	 -0.001133 	 -0.068642 	 -0.013460
15.390000 	 -0.001228 	 -0.068372 	 -0.013235
15.400000 	 -0.001296 	 -0.068188 	 -0.013298
15.410000 	 -0.000763 	 -0.068408 	 -0.013337
15.420000 	 -0.001253 	 -0.068287 	 -0.013366
15.430000 	 -0.000630 	 -0.068173 	 -0.013683
15.440000 	 -0.001034 	 -0.068019 	 -0.013793
15.450000 	 -0.000816 	 -0.067517 	 -0.013333
15.460000 	 -0.000579 	 -0.067893 	 -0.013085
15.470000 	 -0.000852 	 -0.067729 	 -0.013479
15.480000 	 -0.001253 	 -0.067493 	 -0.013721
15.490000 	 -0.001924 	 -0.067658 	 -0.013804
15.500000 	 -0.001847 	 -0.067156 	 -0.013735
15.510000 	 -0.002029 	 -0.066538 	 -0.013612
15.520000 	 -0.001984 	 -0.066701 	 -0.013353
15.530000 	 -0.001047 	 -0.067339 	 -0.013081
15.540000 	 -0.001709 	 -0.067464 	 -0.013259
15.550000 	 -0.001304 	 -0.067143 	 -0.013514
15.560000 	 -0.001424 	 -0.066885 	 -0.013319
15.570000 	 -0.002075 	 -0.067043 	 -0.013145
15.580000 	 -0.001165 	 -0.067414 	 -0.013417
15.590000 	 -0.001620 	 -0.067348 	 -0.013600
15.600000 	 -0.001428 	 -0.066767 	 -0.013900
15.610000 	 -0.002294 	 -0.066430 	 -0.013843
15.620000 	 -0.002576 	 -0.066195 	 -0.013680
15.630000 	 -0.002298 	 -0.065811 	 -0.013635
15.640000 	 -0.003108 	 -0.065872 	 -0.013858
15.650000 	 -0.002571 	 -0.065707 	 -0.013402
15.660000 	 -0.003232 	 -0.065609 	 -0.013544
15.670000 	 -0.003165 	 -0.065528 	 -0.013993
15.680000 	 -0.002897 	 -0.065255 	 -0.013882
15.690000 	 -0.003048 	 -0.065292 	 -0.013586
15.700000 	 -0.002699 	 -0.065408 	 -0.013674
15.710000 	 -0.003523 	 -0.065665 	 -0.013431
15.720000 	 -0.003533 	 -0.065803 	 -0.013848
15.730000 	 -0.002942 	 -0.065471 	 -0.014170
15.740000 	 -0.003553 	 -0.065055 	 -0.013943
15.750000 	 -0.003482 	 -0.065044 	 -0.013611
15.760000 	 -0.004124 	 -0.065888 	 -0.013762
15.770000 	 -0.003322 	 -0.066002 	 -0.013977
15.780000 	 -0.003319 	 -0.065598 	 -0.013719
15.790000 	 -0.003308 	 -0.065116 	 -0.013612
15.800000 	 -0.003123 	 -0.065068 	 -0.013733
15.810000 	 -0.003843 	 -0.065433 	 -0.013909
15.820000 	 -0.004343 	 -0.065247 	 -0.013243
15.830000 	 -0.004134 	 -0.065104 	 -0.013096
15.840000 	 -0.003767 	 -0.065025 	 -0.012958
15.850000 	 -0.004228 	 -0.065288 	 -0.012673
15.860000 	 -0.003995 	 -0.065632 	 -0.012888
15.870000 	 -0.004202 	 -0.065446 	 -0.012942
15.880000 	 -0.004741 	 -0.065481 	 -0.012758
15.890000 	 -0.004571 	 -0.065488 	 -0.012739
15.900000 	 -0.005280 	 -0.064801 	 -0.012950
15.910000 	 -0.005391 	 -0.064738 	 -0.012978
15.920000 	 -0.004335 	 -0.064959 	 -0.012831
15.930000 	 -0.004894 	 -0.065268 	 -0.012410
15.940000 	 -0.004979 	 -0.064919 	 -0.012208
15.950000 	 -0.005505 	 -0.064708 	 -0.012159
15.960000 	 -0.005786 	 -0.064591 	 -0.011905
15.970000 	 -0.004957 	 -0.064829 	 -0.012033
15.980000 	 -0.005152 	 -0.065253 	 -0.011978
15.990000 	 -0.006288 	 -0.065584 	 -0.011948
16.000000 	 -0.006274 	 -0.065149 	 -0.011965
16.010000 	 -0.006415 	 -0.064988 	 -0.012154
16.020000 	 -0.006375 	 -0.065392 	 -0.012624
16.030000 	 -0.006000 	 -0.065315 	 -0.012490
16.040000 	 -0.006341 	 -0.065376 	 -0.011722
16.050000 	 -0.005877 	 -0.064931 	 -0.011582
16.060000 	 -0.006674 	 -0.065836 	 -0.011560
16.070000 	 -0.006302 	 -0.065911 	 -0.011286
16.080000 	 -0.006404 	 -0.065190 	 -0.011207
16.090000 	 -0.007245 	 -0.064764 	 -0.011009
16.100000 	 -0.006504 	 -0.065315 	 -0.011131
16.110000 	 -0.006304 	 -0.066116 	 -0.010907
16.120000 	 -0.006141 	 -0.066308 	 -0.010652
16.130000 	 -0.007544 	 -0.066045 	 -0.010745
16.140000 	 -0.007965 	 -0.065786 	 -0.010936
16.150000 	 -0.007273 	 -0.066104 	 -0.011001
16.160000 	 -0.007721 	 -0.066255 	 -0.010941
16.170000 	 -0.008325 	 -0.065833 	 -0.010682
16.180000 	 -0.007993 	 -0.065486 	 -0.010701
16.190000 	 -0.008654 	 -0.064932 	 -0.010890
16.200000 	 -0.007809 	 -0.065464 	 -0.010900
16.210000 	 -0.007422 	 -0.066020 	 -0.010597
16.220000 	 -0.007672 	 -0.065899 	 -0.010433
16.230000 	 -0.007695 	 -0.065743 	 -0.010355
16.240000 	 -0.008446 	 -0.065631 	 -0.010088
16.250000 	 -0.007640 	 -0.065206 	 -0.009867
16.260000 	 -0.008304 	 -0.065036 	 -0.009770
16.270000 	 -0.008463 	 -0.065145 	 -0.009763
16.280000 	 -0.007995 	 -0.065570 	 -0.009359
16.290000 	 -0.008804 	 -0.065242 	 -0.008935
16.300000 	 -0.008530 	 -0.065094 	 -0.009117
16.310000 	 -0.009775 	 -0.065309 	 -0.009391
16.320000 	 -0.009636 	 -0.065398 	 -0.009241
16.330000 	 -0.009604 	 -0.065200 	 -0.009094
16.340000 	 -0.009104 	 -0.065143 	 -0.008576
16.350000 	 -0.008872 	 -0.065101 	 -0.008249
16.360000 	 -0.009379 	 -0.065244 	 -0.008435
16.370000 	 -0.009482 	 -0.065655 	 -0.008690
16.380000 	 -0.009467 	 -0.065587 	 -0.008431
16.390000 	 -0.009529 	 -0.065245 	 -0.007803
16.400000 	 -0.009219 	 -0.065046 	 -0.007251
16.410000 	 -0.009732 	 -0.065019 	 -0.007151
16.420000 	 -0.009184 	 -0.064773 	 -0.007210
16.430000 	 -0.009060 	 -0.064632 	 -0.006978
16.440000 	 -0.009406 	 -0.064390 	 -0.007406
16.450000 	 -0.009491 	 -0.064784 	 -0.007335
16.460000 	 -0.010089 	 -0.065453 	 -0.007233
16.470000 	 -0.010148 	 -0.065391 	 -0.006922
16.480000 	 -0.010740 	 -0.064881 	 -0.006709
16.490000 	 -0.010293 	 -0.064849 	 -0.006405
16.500000 	 -0.010146 	 -0.064817 	 -0.006290
16.510000 	 -0.010327 	 -0.064625 	 -0.006416
16.520000 	 -0.010428 	 -0.064356 	 -0.005978
16.530000 	 -0.011306 	 -0.063879 	 -0.006124
16.540000 	 -0.010368 	 -0.064119 	 -0.006297
16.550000 	 -0.010353 	 -0.064326 	 -0.006180
16.560000 	 -0.010272 	 -0.064446 	 -0.006099
16.570000 	 -0.009583 	 -0.064071 	 -0.005695
16.580000 	 -0.009884 	 -0.063931 	 -0.005562
16.590000 	 -0.009920 	 -0.063727 	 -0.005633
16.600000 	 -0.010838 	 -0.063406 	 -0.005436
16.610000 	 -0.009978 	 -0.063159 	 -0.005160
16.620000 	 -0.010316 	 -0.063815 	 -0.005480
16.630000 	 -0.010170 	 -0.063895 	 -0.005110
16.640000 	 -0.010124 	 -0.063383 	 -0.004906
16.650000 	 -0.010624 	 -0.063294 	 -0.005098
16.660000 	 -0.010502 	 -0.063227 	 -0.005019
16.670000 	 -0.010946 	 -0.063071 	 -0.004993
16.680000 	 -0.009878 	 -0.063321 	 -0.005308
16.690000 	 -0.010439 	 -0.063408 	 -0.005096
16.700000 	 -0.010218 	 -0.063218 	 -0.005035
16.710000 	 -0.010161 	 -0.062483 	 -0.004565
16.720000 	 -0.010708 	 -0.061953 	 -0.004449
16.730000 	 -0.010758 	 -0.061751 	 -0.004583
16.740000 	 -0.010659 	 -0.061727 	 -0.004033
16.750000 	 -0.010735 	 -0.062189 	 -0.003823
16.760000 	 -0.010989 	 -0.062291 	 -0.004181
16.770000 	 -0.010898 	 -0.061966 	 -0.004093
16.780000 	 -0.010842 	 -0.061772 	 -0.004057
16.790000 	 -0.010862 	 -0.061840 	 -0.003940
16.800000 	 -0.010408 	 -0.062014 	 -0.003843
16.810000 	 -0.010288 	 -0.061924 	 -0.003706
16.820000 	 -0.011310 	 -0.061661 	 -0.003814
16.830000 	 -0.011292 	 -0.061288 	 -0.003755
16.840000 	 -0.010849 	 -0.061663 	 -0.003279
16.850000 	 -0.010580 	 -0.061158 	 -0.002825
16.860000 	 -0.011153 	 -0.060475 	 -0.002729
16.870000 	 -0.011505 	 -0.060222 	 -0.002850
16.880000 	 -0.011270 	 -0.060372 	 -0.003035
16.890000 	 -0.012146 	 -0.061004 	 -0.002809
16.900000 	 -0.011452 	 -0.060593 	 -0.002562
16.910000 	 -0.011527 	 -0.060406 	 -0.002255
16.920000 	 -0.011177 	 -0.059947 	 -0.001846
16.930000 	 -0.010960 	 -0.060177 	 -0.001263
16.940000 	 -0.010847 	 -0.060255 	 -0.001605
16.950000 	 -0.010830 	 -0.059994 	 -0.001961
16.960000 	 -0.010992 	 -0.059752 	 -0.001739
16.970000 	 -0.011200 	 -0.059763 	 -0.001829
16.980000 	 -0.011024 	 -0.059664 	 -0.002085
16.990000 	 -0.011391 	 -0.059467 	 -0.001808
17.000000 	 -0.010546 	 -0.058822 	 -0.001573
17.010000 	 -0.011916 	 -0.058983 	 -0.001784
17.020000 	 -0.011803 	 -0.059093 	 -0.001740
17.030000 	 -0.011387 	 -0.058805 	 -0.001438
17.040000 	 -0.011756 	 -0.058588 	 -0.001068
17.050000 	 -0.011427 	 -0.058490 	 -0.000846
17.060000 	 -0.010966 	 -0.058459 	 -0.001223
17.070000 	 -0.011314 	 -0.058178 	 -0.001449
17.080000 	 -0.010832 	 -0.058098 	 -0.001147
17.090000 	 -0.010152 	 -0.058374 	 -0.000787
17.100000 	 -0.010923 	 -0.057943 	 -0.000812
17.110000 	 -0.010170 	 -0.057329 	 -0.000669
17.120000 	 -0.010378 	 -0.057594 	 -0.000288
17.130000 	 -0.010806 	 -0.057499 	 -0.000484
17.140000 	 -0.011130 	 -0.057209 	 -0.000485
17.150000 	 -0.010836 	 -0.056920 	 -0.000482
17.160000 	 -0.010857 	 -0.056577 	 -0.000133
17.170000 	 -0.011503 	 -0.056285 	 -0.000068
17.180000 	 -0.010398 	 -0.056443 	 -0.000049
17.190000 	 -0.010038 	 -0.056157 	 -0.000039
17.200000 	 -0.009945 	 -0.055941 	 0.000078
17.210000 	 -0.010699 	 -0.056140 	 0.000532
17.220000 	 -0.010336 	 -0.056404 	 0.000511
17.230000 	 -0.009759 	 -0.056593 	 0.000764
17.240000 	 -0.009971 	 -0.056456 	 0.000997
17.250000 	 -0.009878 	 -0.056172 	 0.001217
17.260000 	 -0.009553 	 -0.055461 	 0.001056
17.270000 	 -0.009796 	 -0.055380 	 0.000599
17.280000 	 -0.009507 	 -0.055030 	 0.000555
17.290000 	 -0.010430 	 -0.054983 	 0.001075
17.300000 	 -0.009442 	 -0.054683 	 0.000984
17.310000 	 -0.009244 	 -0.054598 	 0.001312
17.320000 	 -0.009214 	 -0.054523 	 0.001613
17.330000 	 -0.009364 	 -0.053943 	 0.001690
17.340000 	 -0.009355 	 -0.053807 	 0.001639
17.350000 	 -0.009216 	 -0.053240 	 0.001413
17.360000 	 -0.010418 	 -0.053066 	 0.001776
17.370000 	 -0.009565 	 -0.052997 	 0.002124
17.380000 	 -0.009425 	 -0.053672 	 0.002246
17.390000 	 -0.009335 	 -0.053437 	 0.002077
17.400000 	 -0.009142 	 -0.053363 	 0.001666
17.410000 	 -0.009434 	 -0.053022 	 0.001328
17.420000 	 -0.009265 	 -0.052775 	 0.001272
17.430000 	 -0.008949 	 -0.052275 	 0.001738
17.440000 	 -0.009073 	 -0.052266 	 0.001773
17.450000 	 -0.008742 	 -0.052434 	 0.001738
17.460000 	 -0.008354 	 -0.052242 	 0.001584
17.470000 	 -0.008057 	 -0.051932 	 0.001514
17.480000 	 -0.008594 	 -0.051410 	 0.001961
17.490000 	 -0.008135 	 -0.051175 	 0.002253
17.500000 	 -0.007980 	 -0.050742 	 0.002185
17.510000 	 -0.008433 	 -0.050627 	 0.001926
17.520000 	 -0.007951 	 -0.050789 	 0.002108
17.530000 	 -0.008012 	 -0.049760 	 0.002197
17.540000 	 -0.008280 	 -0.048778 	 0.002180
17.550000 	 -0.007640 	 -0.048592 	 0.002523
17.560000 	 -0.007961 	 -0.048431 	 0.002447
17.570000 	 -0.008011 	 -0.048053 	 0.002024
17.580000 	 -0.007617 	 -0.048425 	 0.002265
17.590000 	 -0.007223 	 -0.048947 	 0.002547
17.600000 	 -0.006639 	 -0.048277 	 0.002679
17.610000 	 -0.007221 	 -0.047645 	 0.002394
17.620000 	 -0.006849 	 -0.047443 	 0.002051
17.630000 	 -0.006755 	 -0.046830 	 0.002060
17.640000 	 -0.006977 	 -0.046414 	 0.001966
17.650000 	 -0.005945 	 -0.046410 	 0.002154
17.660000 	 -0.006484 	 -0.046011 	 0.002314
17.670000 	 -0.006459 	 -0.045479 	 0.001867
17.680000 	 -0.007021 	 -0.045122 	 0.001607
17.690000 	 -0.006067 	 -0.044692 	 0.001677
17.700000 	 -0.006313 	 -0.044530 	 0.001666
17.710000 	 -0.006648 	 -0.044571 	 0.001551
17.720000 	 -0.005532 	 -0.044149 	 0.001507
17.730000 	 -0.006387 	 -0.043358 	 0.001445
17.740000 	 -0.006457 	 -0.042710 	 0.001409
17.750000 	 -0.005593 	 -0.042511 	 0.001646
17.760000 	 -0.005474 	 -0.042490 	 0.001300
17.770000 	 -0.005282 	 -0.041738 	 0.001658
17.780000 	 -0.005744 	 -0.041362 	 0.001811
17.790000 	 -0.005522 	 -0.040857 	 0.001934
17.800000 	 -0.005570 	 -0.040470 	 0.001887
17.810000 	 -0.004410 	 -0.040147 	 0.001812
17.820000 	 -0.004665 	 -0.039634 	 0.001866
17.830000 	 -0.005684 	 -0.038947 	 0.002036
17.840000 	 -0.004947 	 -0.038371 	 0.001667
17.850000 	 -0.004917 	 -0.038566 	 0.001159
17.860000 	 -0.004335 	 -0.037402 	 0.001322
17.870000 	 -0.004900 	 -0.036697 	 0.001222
17.880000 	 -0.004011 	 -0.036443 	 0.001464
17.890000 	 -0.004368 	 -0.036053 	 0.001203
17.900000 	 -0.004892 	 -0.035532 	 0.001321
17.910000 	 -0.004457 	 -0.034906 	 0.001310
17.920000 	 -0.004261 	 -0.034290 	 0.001288
17.930000 	 -0.003302 	 -0.034142 	 0.000638
17.940000 	 -0.003960 	 -0.033345 	 0.000516
17.950000 	 -0.004030 	 -0.032576 	 0.000490
17.960000 	 -0.003899 	 -0.032217 	 0.001152
17.970000 	 -0.003514 	 -0.031376 	 0.001249
17.980000 	 -0.003859 	 -0.030819 	 0.000762
17.990000 	 -0.003800 	 -0.030268 	 0.000785
18.000000 	 -0.003683 	 -0.029691 	 0.000578
18.010000 	 -0.003333 	 -0.028840 	 0.000631
18.020000 	 -0.003438 	 -0.027891 	 0.000423
18.030000 	 -0.003549 	 -0.027420 	 0.000287
18.040000 	 -0.002999 	 -0.026995 	 0.000225
18.050000 	 -0.003020 	 -0.026848 	 -0.000132
18.060000 	 -0.003356 	 -0.025829 	 -0.000064
18.070000 	 -0.002947 	 -0.024925 	 0.000044
18.080000 	 -0.002974 	 -0.024183 	 -0.000093
18.090000 	 -0.002250 	 -0.023767 	 -0.000466
18.100000 	 -0.002170 	 -0.023037 	 -0.000783
18.110000 	 -0.002268 	 -0.022170 	 -0.000813
18.120000 	 -0.002112 	 -0.021826 	 -0.000796
18.130000 	 -0.002707 	 -0.021218 	 -0.000692
18.140000 	 -0.002425 	 -0.019940 	 -0.000801
18.150000 	 -0.002116 	 -0.019371 	 -0.001027
18.160000 	 -0.001925 	 -0.019300 	 -0.001291
18.170000 	 -0.001478 	 -0.018348 	 -0.001429
18.180000 	 -0.002199 	 -0.017415 	 -0.001536
18.190000 	 -0.001142 	 -0.016581 	 -0.001542
18.200000 	 -0.001343 	 -0.016212 	 -0.001551
18.210000 	 -0.001203 	 -0.015727 	 -0.001501
18.220000 	 -0.000795 	 -0.015398 	 -0.001949
18.230000 	 -0.001346 	 -0.014826 	 -0.002263
18.240000 	 -0.000040 	 -0.014441 	 -0.002194
18.250000 	 -0.000747 	 -0.013700 	 -0.001952
18.260000 	 0.000122 	 -0.012858 	 -0.002212
18.270000 	 -0.000020 	 -0.011841 	 -0.002479
18.280000 	 0.000263 	 -0.011234 	 -0.002789
18.290000 	 -0.000075 	 -0.010235 	 -0.002885
18.300000 	 -0.000365 	 -0.009450 	 -0.002503
18.310000 	 0.000509 	 -0.008534 	 -0.002707
18.320000 	 0.000373 	 -0.007708 	 -0.003028
18.330000 	 0.001007 	 -0.007626 	 -0.003233
18.340000 	 0.000773 	 -0.007334 	 -0.003318
18.350000 	 0.000923 	 -0.006382 	 -0.003322
18.360000 	 0.001026 	 -0.005563 	 -0.003312
18.370000 	 0.000613 	 -0.005425 	 -0.003631
18.380000 	 0.001637 	 -0.004855 	 -0.003846
18.390000 	 0.002246 	 -0.003994 	 -0.004207
18.400000 	 0.001659 	 -0.003068 	 -0.004406
18.410000 	 0.001525 	 -0.002352 	 -0.004533
18.420000 	 0.001430 	 -0.001844 	 -0.004820
18.430000 	 0.001638 	 -0.001298 	 -0.005310
18.440000 	 0.002196 	 -0.000836 	 -0.005128
18.450000 	 0.002350 	 -0.000363 	 -0.005401
18.460000 	 0.002725 	 0.000673 	 -0.005692
18.470000 	 0.002293 	 0.001159 	 -0.005986
18.480000 	 0.002918 	 0.001486 	 -0.005799
18.490000 	 0.003008 	 0.001706 	 -0.006213
18.500000 	 0.003061 	 0.002082 	 -0.006241
18.510000 	 0.003213 	 0.002926 	 -0.006456
18.520000 	 0.003532 	 0.003542 	 -0.007136
18.530000 	 0.003331 	 0.003858 	 -0.006866
18.540000 	 0.003347 	 0.004490 	 -0.006814
18.550000 	 0.003137 	 0.005497 	 -0.006860
18.560000 	 0.003213 	 0.006353 	 -0.007145
18.570000 	 0.002480 	 0.006592 	 -0.007477
18.580000 	 0.003496 	 0.007224 	 -0.007706
18.590000 	 0.003395 	 0.008207 	 -0.007778
18.600000 	 0.003580 	 0.008805 	 -0.007934
18.610000 	 0.004112 	 0.009186 	 -0.008177
18.620000 	 0.004593 	 0.009786 	 -0.008309
18.630000 	 0.005097 	 0.010382 	 -0.008239
18.640000 	 0.004971 	 0.010625 	 -0.008610
18.650000 	 0.005118 	 0.011201 	 -0.009265
18.660000 	 0.005414 	 0.012039 	 -0.009708
18.670000 	 0.005317 	 0.012763 	 -0.010047
18.680000 	 0.005149 	 0.013004 	 -0.009994
18.690000 	 0.005289 	 0.013635 	 -0.010352
18.700000 	 0.005650 	 0.014497 	 -0.010697
18.710000 	 0.006032 	 0.015120 	 -0.011040
18.720000 	 0.005556 	 0.015545 	 -0.011200
18.730000 	 0.006012 	 0.016202 	 -0.010842
18.740000 	 0.006426 	 0.016392 	 -0.010907
18.750000 	 0.006783 	 0.016574 	 -0.010999
18.760000 	 0.006236 	 0.016691 	 -0.011482
18.770000 	 0.005949 	 0.017097 	 -0.011598
18.780000 	 0.006136 	 0.018008 	 -0.011884
18.790000 	 0.006282 	 0.018049 	 -0.011925
18.800000 	 0.006273 	 0.018533 	 -0.011741
18.810000 	 0.007343 	 0.018520 	 -0.011777
18.820000 	 0.007352 	 0.018324 	 -0.012246
18.830000 	 0.007188 	 0.018579 	 -0.012557
18.840000 	 0.007135 	 0.019351 	 -0.012693
18.850000 	 0.007588 	 0.019097 	 -0.012507
18.860000 	 0.007847 	 0.019349 	 -0.013091
18.870000 	 0.007353 	 0.019254 	 -0.013773
18.880000 	 0.007559 	 0.019865 	 -0.013464
18.890000 	 0.008670 	 0.019656 	 -0.013234
18.900000 	 0.008873 	 0.019455 	 -0.013427
18.910000 	 0.008884 	 0.019599 	 -0.013850
18.920000 	 0.007521 	 0.019844 	 -0.014375
18.930000 	 0.008108 	 0.019921 	 -0.014597
18.940000 	 0.007999 	 0.020406 	 -0.014505
18.950000 	 0.007900 	 0.020784 	 -0.014224
18.960000 	 0.008708 	 0.020820 	 -0.014038
18.970000 	 0.008138 	 0.021038 	 -0.014429
18.980000 	 0.009180 	 0.020860 	 -0.014820
18.990000 	 0.009086 	 0.020590 	 -0.015097
19.000000 	 0.010138 	 0.020667 	 -0.015536
19.010000 	 0.009425 	 0.020957 	 -0.015428
19.020000 	 0.009460 	 0.020961 	 -0.015677
19.030000 	 0.008902 	 0.020698 	 -0.016250
19.040000 	 0.009438 	 0.021012 	 -0.016405
19.050000 	 0.009221 	 0.021288 	 -0.015633
19.060000 	 0.009296 	 0.021277 	 -0.015576
19.070000 	 0.008884 	 0.020948 	 -0.016344
19.080000 	 0.008590 	 0.020842 	 -0.017072
19.090000 	 0.008902 	 0.021000 	 -0.017040
19.100000 	 0.009156 	 0.021077 	 -0.016911
19.110000 	 0.009555 	 0.021254 	 -0.016757
19.120000 	 0.009304 	 0.021406 	 -0.016760
19.130000 	 0.008625 	 0.021298 	 -0.017156
19.140000 	 0.008965 	 0.021305 	 -0.017153
19.150000 	 0.009492 	 0.021401 	 -0.017255
19.160000 	 0.009123 	 0.021278 	 -0.017577
19.170000 	 0.009280 	 0.021189 	 -0.017690
19.180000 	 0.009106 	 0.021418 	 -0.017554
19.190000 	 0.009486 	 0.021774 	 -0.017569
19.200000 	 0.009740 	 0.021465 	 -0.017903
19.210000 	 0.008842 	 0.021201 	 -0.018155
19.220000 	 0.008280 	 0.021370 	 -0.018480
19.230000 	 0.007568 	 0.021355 	 -0.018590
19.240000 	 0.007414 	 0.021462 	 -0.018682
19.250000 	 0.007470 	 0.022008 	 -0.018715
19.260000 	 0.007656 	 0.022405 	 -0.018671
19.270000 	 0.007926 	 0.022188 	 -0.018476
19.280000 	 0.007521 	 0.021713 	 -0.018514
19.290000 	 0.007126 	 0.022199 	 -0.018495
19.300000 	 0.007070 	 0.022661 	 -0.018646
19.310000 	 0.007454 	 0.022776 	 -0.018907
19.320000 	 0.007040 	 0.022966 	 -0.019082
19.330000 	 0.006957 	 0.023076 	 -0.018771
19.340000 	 0.006511 	 0.023650 	 -0.018542
19.350000 	 0.006197 	 0.023787 	 -0.018752
19.360000 	 0.005750 	 0.023977 	 -0.018841
19.370000 	 0.006112 	 0.024290 	 -0.018883
19.380000 	 0.005873 	 0.024454 	 -0.018937
19.390000 	 0.005502 	 0.024466 	 -0.018816
19.400000 	 0.004781 	 0.025147 	 -0.018585
19.410000 	 0.004865 	 0.025457 	 -0.018821
19.420000 	 0.005020 	 0.025754 	 -0.019177
19.430000 	 0.004306 	 0.026053 	 -0.018899
19.440000 	 0.003869 	 0.026402 	 -0.018775
19.450000 	 0.003532 	 0.026644 	 -0.019113
19.460000 	 0.003270 	 0.026719 	 -0.018544
19.470000 	 0.003231 	 0.027540 	 -0.018555
19.480000 	 0.002219 	 0.027891 	 -0.019005
19.490000 	 0.003451 	 0.028098 	 -0.018653
19.500000 	 0.002801 	 0.028489 	 -0.018818
19.510000 	 0.002519 	 0.028900 	 -0.018604
19.520000 	 0.002345 	 0.029469 	 -0.018820
19.530000 	 0.000886 	 0.029567 	 -0.018805
19.540000 	 0.001548 	 0.029604 	 -0.018748
19.550000 	 0.000872 	 0.029327 	 -0.019014
19.560000 	 0.001275 	 0.029867 	 -0.019206
19.570000 	 0.001109 	 0.031081 	 -0.018725
19.580000 	 -0.000103 	 0.031180 	 -0.018650
19.590000 	 -0.000022 	 0.031328 	 -0.018808
19.600000 	 -0.000255 	 0.031921 	 -0.018299
19.610000 	 -0.000526 	 0.032927 	 -0.017765
19.620000 	 -0.000409 	 0.032819 	 -0.017927
19.630000 	 -0.000814 	 0.032906 	 -0.018235
19.640000 	 -0.001219 	 0.033142 	 -0.018164
19.650000 	 -0.001490 	 0.034081 	 -0.018046
19.660000 	 -0.002119 	 0.034778 	 -0.018070
19.670000 	 -0.002334 	 0.035222 	 -0.018099
19.680000 	 -0.002947 	 0.035653 	 -0.018413
19.690000 	 -0.002895 	 0.036217 	 -0.018039
19.700000 	 -0.003320 	 0.036522 	 -0.018141
19.710000 	 -0.003593 	 0.036928 	 -0.018201
19.720000 	 -0.004097 	 0.037817 	 -0.018127
19.730000 	 -0.004147 	 0.038540 	 -0.018059
19.740000 	 -0.004064 	 0.039333 	 -0.017943
19.750000 	 -0.004775 	 0.039694 	 -0.017622
19.760000 	 -0.005557 	 0.039674 	 -0.017435
19.770000 	 -0.005337 	 0.040861 	 -0.017675
19.780000 	 -0.005708 	 0.041976 	 -0.017606
19.790000 	 -0.005415 	 0.042149 	 -0.017550
19.800000 	 -0.004976 	 0.041838 	 -0.017549
19.810000 	 -0.005563 	 0.042204 	 -0.017890
19.820000 	 -0.006279 	 0.042986 	 -0.017716
19.830000 	 -0.006730 	 0.043972 	 -0.017148
19.840000 	 -0.006018 	 0.045005 	 -0.016832
19.850000 	 -0.006618 	 0.045076 	 -0.017189
19.860000 	 -0.007074 	 0.045022 	 -0.017379
19.870000 	 -0.007622 	 0.045953 	 -0.017103
19.880000 	 -0.007711 	 0.046074 	 -0.016826
19.890000 	 -0.007749 	 0.046784 	 -0.016984
19.900000 	 -0.008082 	 0.047221 	 -0.017200
19.910000 	 -0.007693 	 0.047142 	 -0.017157
19.920000 	 -0.006939 	 0.046979 	 -0.016417
19.930000 	 -0.008067 	 0.047558 	 -0.016471
19.940000 	 -0.008144 	 0.048176 	 -0.016416
19.950000 	 -0.008747 	 0.049022 	 -0.016519
19.960000 	 -0.009178 	 0.049401 	 -0.016162
19.970000 	 -0.008836 	 0.050241 	 -0.015734
19.980000 	 -0.008355 	 0.050675 	 -0.015742
19.990000 	 -0.008748 	 0.050730 	 -0.015729
20.000000 	 -0.009056 	 0.050743 	 -0.015843
