0.000000 	 -0.011740 	 -0.049220 	 -0.245880 
0.010000 	 -0.002978 	 -0.050990 	 -0.229899 
0.020000 	 0.009478 	 -0.052660 	 -0.222594 
0.030000 	 0.003334 	 -0.046625 	 -0.215515 
0.040000 	 -0.008638 	 -0.020558 	 -0.225817 
0.050000 	 0.001692 	 -0.048789 	 -0.204862 
0.060000 	 0.001548 	 -0.045762 	 -0.204638 
0.070000 	 0.004419 	 -0.024162 	 -0.208851 
0.080000 	 0.005738 	 -0.020392 	 -0.174189 
0.090000 	 -0.001543 	 -0.020412 	 -0.179907 
0.100000 	 -0.000338 	 -0.043986 	 -0.179668 
0.110000 	 -0.002436 	 -0.044321 	 -0.177044 
0.120000 	 0.005383 	 -0.050717 	 -0.138359 
0.130000 	 -0.007393 	 -0.032030 	 -0.150163 
0.140000 	 -0.000446 	 -0.039585 	 -0.146756 
0.150000 	 0.000046 	 -0.039310 	 -0.147764 
0.160000 	 -0.003600 	 -0.042888 	 -0.124095 
0.170000 	 -0.001259 	 -0.052028 	 -0.133018 
0.180000 	 -0.000543 	 -0.049051 	 -0.131984 
0.190000 	 -0.004361 	 -0.042436 	 -0.122534 
0.200000 	 0.002093 	 -0.058546 	 -0.109489 
0.210000 	 -0.001191 	 -0.040725 	 -0.115432 
0.220000 	 -0.001847 	 -0.050262 	 -0.120117 
0.230000 	 0.012795 	 -0.047019 	 -0.122163 
0.240000 	 0.012181 	 -0.053830 	 -0.137205 
0.250000 	 0.006755 	 -0.052633 	 -0.104580 
0.260000 	 0.001302 	 -0.028571 	 -0.114712 
0.270000 	 0.006213 	 -0.055390 	 -0.103806 
0.280000 	 -0.011704 	 -0.031383 	 -0.121435 
0.290000 	 0.008077 	 -0.056493 	 -0.113440 
0.300000 	 0.002905 	 -0.060920 	 -0.096318 
0.310000 	 -0.000316 	 -0.046819 	 -0.091158 
0.320000 	 -0.002858 	 -0.055743 	 -0.096029 
0.330000 	 0.009138 	 -0.029814 	 -0.093030 
0.340000 	 0.013271 	 -0.031673 	 -0.109217 
0.350000 	 0.007906 	 -0.037179 	 -0.106946 
0.360000 	 -0.000953 	 -0.035859 	 -0.103297 
0.370000 	 0.019723 	 -0.056089 	 -0.074644 
0.380000 	 0.008688 	 -0.042425 	 -0.098555 
0.390000 	 -0.003152 	 -0.053581 	 -0.088733 
0.400000 	 0.003453 	 -0.017581 	 -0.086887 
0.410000 	 0.011159 	 -0.038604 	 -0.093951 
0.420000 	 0.016475 	 -0.029887 	 -0.092105 
0.430000 	 0.007533 	 -0.021859 	 -0.074238 
0.440000 	 -0.000200 	 -0.040159 	 -0.066753 
0.450000 	 0.011265 	 -0.019756 	 -0.074651 
0.460000 	 0.003999 	 -0.022091 	 -0.066206 
0.470000 	 0.000712 	 -0.021062 	 -0.054892 
0.480000 	 0.003992 	 -0.023734 	 -0.056461 
0.490000 	 0.020945 	 -0.024913 	 -0.041523 
0.500000 	 0.020062 	 -0.006581 	 -0.057177 
0.510000 	 0.012557 	 -0.005218 	 -0.039367 
0.520000 	 0.013547 	 -0.003950 	 -0.034424 
0.530000 	 0.018325 	 -0.024820 	 -0.040627 
0.540000 	 0.015912 	 -0.024576 	 -0.030625 
0.550000 	 0.014026 	 -0.009148 	 -0.017707 
0.560000 	 0.008416 	 -0.017865 	 0.000139 
0.570000 	 0.009983 	 -0.011814 	 -0.025618 
0.580000 	 0.017432 	 -0.010964 	 -0.020127 
0.590000 	 0.011981 	 -0.006157 	 0.014330 
0.600000 	 -0.002222 	 0.006619 	 0.001707 
0.610000 	 0.009019 	 -0.021058 	 -0.006590 
0.620000 	 0.019396 	 -0.001010 	 0.000986 
0.630000 	 0.025666 	 -0.000889 	 -0.000235 
0.640000 	 0.015660 	 0.019349 	 0.020773 
0.650000 	 0.016317 	 0.010384 	 -0.000756 
0.660000 	 0.025909 	 -0.007694 	 0.007592 
0.670000 	 0.023589 	 0.008284 	 -0.003198 
0.680000 	 0.022179 	 -0.022648 	 0.054981 
0.690000 	 0.023419 	 0.014793 	 0.006250 
0.700000 	 0.024165 	 0.016728 	 0.038598 
0.710000 	 0.017986 	 0.012756 	 0.054436 
0.720000 	 0.020015 	 0.002180 	 0.041495 
0.730000 	 0.022475 	 -0.007012 	 0.057265 
0.740000 	 0.017913 	 0.024093 	 0.072377 
0.750000 	 0.015903 	 -0.001123 	 0.093751 
0.760000 	 0.016100 	 0.024463 	 0.075589 
0.770000 	 0.021505 	 0.012808 	 0.118947 
0.780000 	 0.020571 	 0.022489 	 0.114069 
0.790000 	 0.021221 	 0.023218 	 0.096926 
0.800000 	 0.031735 	 0.012770 	 0.108071 
0.810000 	 0.016035 	 0.026105 	 0.108437 
0.820000 	 0.012542 	 0.002766 	 0.117134 
0.830000 	 0.014538 	 0.009620 	 0.105326 
0.840000 	 0.004128 	 0.017755 	 0.115570 
0.850000 	 0.026685 	 0.035421 	 0.110887 
0.860000 	 0.026364 	 0.035294 	 0.115494 
0.870000 	 0.027317 	 0.016449 	 0.102174 
0.880000 	 0.020232 	 0.000552 	 0.089261 
0.890000 	 0.028924 	 0.029399 	 0.093400 
0.900000 	 0.017072 	 0.024064 	 0.091894 
0.910000 	 0.025109 	 0.033823 	 0.084084 
0.920000 	 0.048223 	 0.034348 	 0.084550 
0.930000 	 0.032223 	 0.040355 	 0.092665 
0.940000 	 0.022525 	 0.026574 	 0.123190 
0.950000 	 0.027355 	 0.040968 	 0.091108 
0.960000 	 0.036797 	 0.031979 	 0.074603 
0.970000 	 0.034058 	 0.049511 	 0.088817 
0.980000 	 0.027435 	 0.040243 	 0.114755 
0.990000 	 0.028190 	 0.041481 	 0.082515 
1.000000 	 0.034285 	 0.035141 	 0.097851 
1.010000 	 0.025644 	 0.047733 	 0.108007 
1.020000 	 0.032030 	 0.050028 	 0.093401 
1.030000 	 0.031943 	 0.046410 	 0.079646 
1.040000 	 0.027937 	 0.042741 	 0.079545 
1.050000 	 0.034650 	 0.036075 	 0.089290 
1.060000 	 0.037308 	 0.039886 	 0.096152 
1.070000 	 0.045832 	 0.055089 	 0.066980 
1.080000 	 0.039329 	 0.064060 	 0.082200 
1.090000 	 0.038454 	 0.058589 	 0.091668 
1.100000 	 0.036443 	 0.046044 	 0.098999 
1.110000 	 0.027818 	 0.043453 	 0.089640 
1.120000 	 0.038559 	 0.069479 	 0.108646 
1.130000 	 0.040582 	 0.054571 	 0.101618 
1.140000 	 0.043785 	 0.065327 	 0.091658 
1.150000 	 0.041773 	 0.059868 	 0.082449 
1.160000 	 0.034948 	 0.056969 	 0.098289 
1.170000 	 0.044368 	 0.065807 	 0.100700 
1.180000 	 0.044843 	 0.067049 	 0.093889 
1.190000 	 0.037593 	 0.078348 	 0.072447 
1.200000 	 0.043463 	 0.071341 	 0.097432 
1.210000 	 0.049045 	 0.060431 	 0.090628 
1.220000 	 0.050225 	 0.056562 	 0.073542 
1.230000 	 0.035175 	 0.076059 	 0.083814 
1.240000 	 0.045714 	 0.082781 	 0.081640 
1.250000 	 0.038936 	 0.073632 	 0.076134 
1.260000 	 0.046495 	 0.077953 	 0.078266 
1.270000 	 0.046580 	 0.057980 	 0.107342 
1.280000 	 0.045531 	 0.083307 	 0.075311 
1.290000 	 0.055545 	 0.070944 	 0.079630 
1.300000 	 0.054823 	 0.088710 	 0.074238 
1.310000 	 0.054735 	 0.074945 	 0.095392 
1.320000 	 0.042479 	 0.083292 	 0.082611 
1.330000 	 0.053029 	 0.058322 	 0.091590 
1.340000 	 0.051144 	 0.077922 	 0.081387 
1.350000 	 0.046266 	 0.073265 	 0.110961 
1.360000 	 0.058156 	 0.086923 	 0.096040 
1.370000 	 0.050183 	 0.056043 	 0.073723 
1.380000 	 0.052003 	 0.075642 	 0.068422 
1.390000 	 0.041712 	 0.084716 	 0.089720 
1.400000 	 0.061576 	 0.047292 	 0.103545 
1.410000 	 0.051122 	 0.072081 	 0.074447 
1.420000 	 0.051244 	 0.071000 	 0.097562 
1.430000 	 0.056488 	 0.076643 	 0.108183 
1.440000 	 0.060341 	 0.076033 	 0.085602 
1.450000 	 0.056128 	 0.067923 	 0.098139 
1.460000 	 0.053596 	 0.070571 	 0.087163 
1.470000 	 0.059327 	 0.066796 	 0.090924 
1.480000 	 0.055357 	 0.086688 	 0.081557 
1.490000 	 0.053622 	 0.079825 	 0.091922 
1.500000 	 0.048841 	 0.075459 	 0.099127 
1.510000 	 0.057489 	 0.071712 	 0.109110 
1.520000 	 0.060511 	 0.057316 	 0.077643 
1.530000 	 0.059600 	 0.067046 	 0.080300 
1.540000 	 0.062007 	 0.065197 	 0.080997 
1.550000 	 0.063144 	 0.066731 	 0.076266 
1.560000 	 0.063841 	 0.062724 	 0.083306 
1.570000 	 0.062026 	 0.060600 	 0.079905 
1.580000 	 0.055795 	 0.061072 	 0.066166 
1.590000 	 0.063070 	 0.080321 	 0.074937 
1.600000 	 0.057532 	 0.081933 	 0.091956 
1.610000 	 0.062181 	 0.057843 	 0.086415 
1.620000 	 0.055314 	 0.056264 	 0.075846 
1.630000 	 0.064490 	 0.056914 	 0.087103 
1.640000 	 0.075306 	 0.074426 	 0.077388 
1.650000 	 0.064625 	 0.068401 	 0.087262 
1.660000 	 0.057441 	 0.059060 	 0.074347 
1.670000 	 0.073808 	 0.061091 	 0.067219 
1.680000 	 0.064503 	 0.066792 	 0.062611 
1.690000 	 0.063396 	 0.054102 	 0.059927 
1.700000 	 0.067750 	 0.062773 	 0.051594 
1.710000 	 0.071545 	 0.077421 	 0.052470 
1.720000 	 0.056091 	 0.054666 	 0.063014 
1.730000 	 0.069424 	 0.061475 	 0.032639 
1.740000 	 0.071794 	 0.068061 	 0.031112 
1.750000 	 0.067270 	 0.083968 	 0.032165 
1.760000 	 0.071205 	 0.052180 	 0.053253 
1.770000 	 0.066163 	 0.041838 	 0.038684 
1.780000 	 0.075375 	 0.043404 	 0.027483 
1.790000 	 0.083664 	 0.059455 	 0.040205 
1.800000 	 0.076471 	 0.068680 	 0.029088 
1.810000 	 0.074140 	 0.057417 	 0.026772 
1.820000 	 0.067475 	 0.059680 	 0.041954 
1.830000 	 0.066177 	 0.060336 	 0.046936 
1.840000 	 0.073110 	 0.040324 	 0.041467 
1.850000 	 0.069835 	 0.053931 	 0.027669 
1.860000 	 0.069764 	 0.056227 	 0.036681 
1.870000 	 0.072373 	 0.063309 	 0.017584 
1.880000 	 0.075055 	 0.045496 	 0.018943 
1.890000 	 0.082350 	 0.043912 	 0.014224 
1.900000 	 0.078026 	 0.052728 	 0.019571 
1.910000 	 0.077443 	 0.036474 	 0.020723 
1.920000 	 0.072226 	 0.058209 	 0.017696 
1.930000 	 0.071110 	 0.037771 	 0.018662 
1.940000 	 0.081296 	 0.041172 	 0.015375 
1.950000 	 0.080094 	 0.052530 	 0.008325 
1.960000 	 0.077979 	 0.031137 	 0.016770 
1.970000 	 0.078958 	 0.052309 	 0.013435 
1.980000 	 0.075255 	 0.041389 	 0.024857 
1.990000 	 0.079920 	 0.050766 	 0.003655 
2.000000 	 0.070584 	 0.028494 	 0.018161 
2.010000 	 0.079662 	 0.050874 	 0.036120 
2.020000 	 0.081775 	 0.047710 	 0.023703 
2.030000 	 0.082325 	 0.037713 	 0.031671 
2.040000 	 0.077386 	 0.041975 	 0.036340 
2.050000 	 0.083407 	 0.019557 	 0.035273 
2.060000 	 0.093502 	 0.030108 	 0.026240 
2.070000 	 0.090870 	 0.031841 	 0.055434 
2.080000 	 0.066090 	 0.039156 	 0.079132 
2.090000 	 0.071344 	 0.033373 	 0.061351 
2.100000 	 0.076349 	 0.018696 	 0.063332 
2.110000 	 0.077155 	 0.026416 	 0.082668 
2.120000 	 0.083489 	 -0.001182 	 0.100096 
2.130000 	 0.085117 	 0.029654 	 0.063528 
2.140000 	 0.081752 	 0.022041 	 0.090726 
2.150000 	 0.075893 	 0.045821 	 0.092407 
2.160000 	 0.072418 	 0.029533 	 0.076209 
2.170000 	 0.083333 	 0.009619 	 0.083844 
2.180000 	 0.081021 	 0.010990 	 0.092466 
2.190000 	 0.078410 	 0.006398 	 0.112352 
2.200000 	 0.078363 	 0.019998 	 0.092723 
2.210000 	 0.076214 	 0.016765 	 0.076619 
2.220000 	 0.084080 	 0.015636 	 0.075730 
2.230000 	 0.070687 	 0.000024 	 0.112878 
2.240000 	 0.083808 	 0.011997 	 0.107696 
2.250000 	 0.082128 	 0.019397 	 0.095137 
2.260000 	 0.090898 	 0.017000 	 0.105268 
2.270000 	 0.096646 	 0.035961 	 0.120798 
2.280000 	 0.104375 	 0.001675 	 0.104596 
2.290000 	 0.076590 	 -0.001471 	 0.103639 
2.300000 	 0.066458 	 0.009603 	 0.118232 
2.310000 	 0.081167 	 0.014800 	 0.144381 
2.320000 	 0.072992 	 0.033261 	 0.109601 
2.330000 	 0.082346 	 -0.007466 	 0.122006 
2.340000 	 0.082166 	 -0.002141 	 0.147778 
2.350000 	 0.090949 	 -0.004091 	 0.146322 
2.360000 	 0.085689 	 -0.013851 	 0.129786 
2.370000 	 0.081866 	 0.004830 	 0.125048 
2.380000 	 0.090384 	 -0.006375 	 0.144787 
2.390000 	 0.080435 	 0.011149 	 0.162622 
2.400000 	 0.081180 	 -0.008139 	 0.142675 
2.410000 	 0.076243 	 -0.016842 	 0.168218 
2.420000 	 0.083244 	 0.000643 	 0.162513 
2.430000 	 0.085028 	 -0.012780 	 0.143736 
2.440000 	 0.090298 	 0.001800 	 0.143924 
2.450000 	 0.075224 	 -0.022567 	 0.176532 
2.460000 	 0.084050 	 -0.025037 	 0.175063 
2.470000 	 0.091655 	 -0.014172 	 0.154726 
2.480000 	 0.086843 	 -0.023532 	 0.176259 
2.490000 	 0.086153 	 -0.005283 	 0.184763 
2.500000 	 0.077252 	 -0.006012 	 0.191766 
2.510000 	 0.077391 	 -0.024485 	 0.181152 
2.520000 	 0.078939 	 -0.012419 	 0.207226 
2.530000 	 0.082127 	 -0.028411 	 0.178546 
2.540000 	 0.088490 	 0.001837 	 0.180390 
2.550000 	 0.079051 	 -0.017231 	 0.155776 
2.560000 	 0.076149 	 -0.038402 	 0.215652 
2.570000 	 0.087743 	 -0.035168 	 0.209723 
2.580000 	 0.091167 	 -0.030728 	 0.183282 
2.590000 	 0.081661 	 -0.012852 	 0.164226 
2.600000 	 0.097071 	 -0.016329 	 0.191553 
2.610000 	 0.086597 	 -0.032879 	 0.181541 
2.620000 	 0.085715 	 -0.028617 	 0.185754 
2.630000 	 0.087677 	 -0.037712 	 0.188385 
2.640000 	 0.083997 	 -0.036886 	 0.201067 
2.650000 	 0.090481 	 -0.011901 	 0.190822 
2.660000 	 0.080983 	 -0.019541 	 0.222788 
2.670000 	 0.078033 	 -0.022893 	 0.235505 
2.680000 	 0.081971 	 -0.038257 	 0.215456 
2.690000 	 0.080035 	 -0.029028 	 0.219345 
2.700000 	 0.088151 	 -0.025556 	 0.216810 
2.710000 	 0.078314 	 -0.022802 	 0.193624 
2.720000 	 0.085838 	 -0.041096 	 0.207210 
2.730000 	 0.090470 	 -0.056701 	 0.230834 
2.740000 	 0.094833 	 -0.038973 	 0.213077 
2.750000 	 0.087653 	 -0.036783 	 0.208818 
2.760000 	 0.071439 	 -0.015592 	 0.190062 
2.770000 	 0.086575 	 -0.023924 	 0.198286 
2.780000 	 0.087009 	 -0.033755 	 0.190719 
2.790000 	 0.080275 	 -0.048309 	 0.193723 
2.800000 	 0.089194 	 -0.055576 	 0.213466 
2.810000 	 0.092605 	 -0.038212 	 0.193868 
2.820000 	 0.097510 	 -0.037410 	 0.186040 
2.830000 	 0.083848 	 -0.019389 	 0.182013 
2.840000 	 0.101181 	 -0.029561 	 0.206126 
2.850000 	 0.094932 	 -0.037274 	 0.197218 
2.860000 	 0.077113 	 -0.040582 	 0.189099 
2.870000 	 0.085564 	 -0.054268 	 0.206705 
2.880000 	 0.082900 	 -0.039177 	 0.199035 
2.890000 	 0.088623 	 -0.047901 	 0.201543 
2.900000 	 0.083157 	 -0.031954 	 0.204312 
2.910000 	 0.085910 	 -0.032018 	 0.200933 
2.920000 	 0.080362 	 -0.032250 	 0.206299 
2.930000 	 0.086192 	 -0.044331 	 0.198428 
2.940000 	 0.095341 	 -0.051365 	 0.195208 
2.950000 	 0.084569 	 -0.033398 	 0.190867 
2.960000 	 0.084875 	 -0.033162 	 0.182254 
2.970000 	 0.086818 	 -0.034197 	 0.190401 
2.980000 	 0.094312 	 -0.027572 	 0.184282 
2.990000 	 0.094622 	 -0.046201 	 0.205035 
3.000000 	 0.092764 	 -0.041472 	 0.185252 
3.010000 	 0.085812 	 -0.033635 	 0.166392 
3.020000 	 0.081117 	 -0.030216 	 0.175798 
3.030000 	 0.094116 	 -0.012806 	 0.194772 
3.040000 	 0.080547 	 -0.048242 	 0.201306 
3.050000 	 0.087559 	 -0.049959 	 0.193776 
3.060000 	 0.095407 	 -0.043048 	 0.188758 
3.070000 	 0.093155 	 -0.043867 	 0.199331 
3.080000 	 0.093501 	 -0.033576 	 0.181923 
3.090000 	 0.096855 	 -0.045677 	 0.184898 
3.100000 	 0.092741 	 -0.041017 	 0.187557 
3.110000 	 0.093882 	 -0.043050 	 0.200532 
3.120000 	 0.084958 	 -0.035596 	 0.173906 
3.130000 	 0.082281 	 -0.033261 	 0.169506 
3.140000 	 0.094269 	 -0.043119 	 0.187957 
3.150000 	 0.088185 	 -0.054228 	 0.183946 
3.160000 	 0.092449 	 -0.057367 	 0.153714 
3.170000 	 0.090171 	 -0.061297 	 0.165597 
3.180000 	 0.106145 	 -0.026013 	 0.177448 
3.190000 	 0.096755 	 -0.043339 	 0.167467 
3.200000 	 0.099974 	 -0.044675 	 0.162617 
3.210000 	 0.098693 	 -0.049819 	 0.167998 
3.220000 	 0.093457 	 -0.056503 	 0.172050 
3.230000 	 0.088636 	 -0.050112 	 0.147988 
3.240000 	 0.100523 	 -0.047636 	 0.163116 
3.250000 	 0.099875 	 -0.042985 	 0.170204 
3.260000 	 0.092993 	 -0.061208 	 0.178359 
3.270000 	 0.090119 	 -0.056249 	 0.159314 
3.280000 	 0.096519 	 -0.056501 	 0.146830 
3.290000 	 0.100423 	 -0.048913 	 0.161387 
3.300000 	 0.101365 	 -0.047751 	 0.166434 
3.310000 	 0.111297 	 -0.069856 	 0.158389 
3.320000 	 0.107827 	 -0.071182 	 0.133174 
3.330000 	 0.106379 	 -0.064382 	 0.140437 
3.340000 	 0.101111 	 -0.057301 	 0.167747 
3.350000 	 0.111182 	 -0.042919 	 0.157220 
3.360000 	 0.105490 	 -0.047290 	 0.147400 
3.370000 	 0.095128 	 -0.052956 	 0.154047 
3.380000 	 0.094215 	 -0.067830 	 0.147285 
3.390000 	 0.101899 	 -0.070847 	 0.157196 
3.400000 	 0.110031 	 -0.052732 	 0.142527 
3.410000 	 0.106398 	 -0.061127 	 0.161943 
3.420000 	 0.102389 	 -0.061560 	 0.161676 
3.430000 	 0.105928 	 -0.080449 	 0.149472 
3.440000 	 0.111357 	 -0.064865 	 0.152874 
3.450000 	 0.115180 	 -0.046984 	 0.152703 
3.460000 	 0.114366 	 -0.067868 	 0.154040 
3.470000 	 0.102777 	 -0.044375 	 0.135859 
3.480000 	 0.092743 	 -0.066265 	 0.137380 
3.490000 	 0.097277 	 -0.063302 	 0.142056 
3.500000 	 0.102888 	 -0.064136 	 0.142647 
3.510000 	 0.104575 	 -0.063170 	 0.136395 
3.520000 	 0.110828 	 -0.036696 	 0.138176 
3.530000 	 0.110791 	 -0.065053 	 0.118155 
3.540000 	 0.111887 	 -0.077490 	 0.114195 
3.550000 	 0.106424 	 -0.065617 	 0.112662 
3.560000 	 0.116583 	 -0.048738 	 0.149532 
3.570000 	 0.108289 	 -0.052075 	 0.136216 
3.580000 	 0.102330 	 -0.055795 	 0.123795 
3.590000 	 0.112163 	 -0.053964 	 0.127825 
3.600000 	 0.111112 	 -0.069950 	 0.127348 
3.610000 	 0.107403 	 -0.062973 	 0.120118 
3.620000 	 0.105856 	 -0.049176 	 0.120209 
3.630000 	 0.115767 	 -0.072640 	 0.120842 
3.640000 	 0.108941 	 -0.063295 	 0.108475 
3.650000 	 0.108692 	 -0.064674 	 0.126550 
3.660000 	 0.116744 	 -0.065390 	 0.140207 
3.670000 	 0.123273 	 -0.064952 	 0.116983 
3.680000 	 0.113018 	 -0.078729 	 0.093180 
3.690000 	 0.113657 	 -0.075449 	 0.100742 
3.700000 	 0.112876 	 -0.065516 	 0.117572 
3.710000 	 0.112785 	 -0.058573 	 0.118357 
3.720000 	 0.101452 	 -0.069290 	 0.115487 
3.730000 	 0.112217 	 -0.069643 	 0.122889 
3.740000 	 0.107867 	 -0.056346 	 0.115942 
3.750000 	 0.117940 	 -0.071225 	 0.099782 
3.760000 	 0.112972 	 -0.072142 	 0.089426 
3.770000 	 0.121727 	 -0.054449 	 0.100197 
3.780000 	 0.117580 	 -0.065826 	 0.100563 
3.790000 	 0.117705 	 -0.062024 	 0.093585 
3.800000 	 0.118147 	 -0.072150 	 0.085814 
3.810000 	 0.118949 	 -0.063735 	 0.090752 
3.820000 	 0.127439 	 -0.048443 	 0.107989 
3.830000 	 0.112544 	 -0.068347 	 0.112785 
3.840000 	 0.104803 	 -0.050882 	 0.086390 
3.850000 	 0.106049 	 -0.053455 	 0.088349 
3.860000 	 0.116648 	 -0.057668 	 0.088544 
3.870000 	 0.114725 	 -0.075973 	 0.069762 
3.880000 	 0.123973 	 -0.079372 	 0.078583 
3.890000 	 0.114570 	 -0.068658 	 0.109055 
3.900000 	 0.111816 	 -0.072227 	 0.104878 
3.910000 	 0.113932 	 -0.058281 	 0.090486 
3.920000 	 0.121443 	 -0.052579 	 0.074441 
3.930000 	 0.118363 	 -0.064298 	 0.089132 
3.940000 	 0.107613 	 -0.053327 	 0.086088 
3.950000 	 0.114598 	 -0.082894 	 0.075540 
3.960000 	 0.120739 	 -0.063672 	 0.075944 
3.970000 	 0.121599 	 -0.053038 	 0.076830 
3.980000 	 0.115668 	 -0.077162 	 0.097940 
3.990000 	 0.117534 	 -0.049527 	 0.063543 
4.000000 	 0.116370 	 -0.065846 	 0.093861 
4.010000 	 0.115714 	 -0.056845 	 0.080670 
4.020000 	 0.122758 	 -0.077104 	 0.097570 
4.030000 	 0.118236 	 -0.042612 	 0.067909 
4.040000 	 0.111007 	 -0.057487 	 0.077920 
4.050000 	 0.110339 	 -0.068546 	 0.098304 
4.060000 	 0.111272 	 -0.061885 	 0.098955 
4.070000 	 0.111608 	 -0.057901 	 0.103114 
4.080000 	 0.111436 	 -0.047401 	 0.087860 
4.090000 	 0.117997 	 -0.054843 	 0.082508 
4.100000 	 0.108553 	 -0.062166 	 0.091911 
4.110000 	 0.123026 	 -0.045839 	 0.091065 
4.120000 	 0.119574 	 -0.056904 	 0.088814 
4.130000 	 0.115428 	 -0.058710 	 0.101390 
4.140000 	 0.115732 	 -0.060397 	 0.097285 
4.150000 	 0.116005 	 -0.043328 	 0.087208 
4.160000 	 0.110682 	 -0.061951 	 0.094089 
4.170000 	 0.117330 	 -0.065411 	 0.100802 
4.180000 	 0.110126 	 -0.046736 	 0.103555 
4.190000 	 0.117401 	 -0.042193 	 0.113606 
4.200000 	 0.122904 	 -0.048832 	 0.101664 
4.210000 	 0.120368 	 -0.053779 	 0.098015 
4.220000 	 0.116749 	 -0.042258 	 0.108133 
4.230000 	 0.114655 	 -0.054652 	 0.098850 
4.240000 	 0.121095 	 -0.062685 	 0.123928 
4.250000 	 0.117394 	 -0.042594 	 0.106461 
4.260000 	 0.120238 	 -0.052301 	 0.117920 
4.270000 	 0.116920 	 -0.044917 	 0.116055 
4.280000 	 0.118642 	 -0.059153 	 0.117495 
4.290000 	 0.111231 	 -0.045533 	 0.102711 
4.300000 	 0.116890 	 -0.048357 	 0.130912 
4.310000 	 0.115915 	 -0.030590 	 0.135611 
4.320000 	 0.116733 	 -0.045633 	 0.100445 
4.330000 	 0.121018 	 -0.055065 	 0.117440 
4.340000 	 0.123002 	 -0.043763 	 0.125112 
4.350000 	 0.125654 	 -0.030265 	 0.130470 
4.360000 	 0.109795 	 -0.032539 	 0.114579 
4.370000 	 0.111639 	 -0.039161 	 0.137689 
4.380000 	 0.113604 	 -0.038755 	 0.133622 
4.390000 	 0.112058 	 -0.052522 	 0.133521 
4.400000 	 0.118676 	 -0.052611 	 0.128067 
4.410000 	 0.120664 	 -0.042368 	 0.137095 
4.420000 	 0.112126 	 -0.053697 	 0.139940 
4.430000 	 0.103661 	 -0.018621 	 0.118405 
4.440000 	 0.114418 	 -0.045024 	 0.137681 
4.450000 	 0.123403 	 -0.033050 	 0.135327 
4.460000 	 0.122949 	 -0.041028 	 0.143851 
4.470000 	 0.119592 	 -0.021657 	 0.124787 
4.480000 	 0.110773 	 -0.021904 	 0.141876 
4.490000 	 0.116817 	 -0.023604 	 0.150897 
4.500000 	 0.111986 	 -0.039538 	 0.146317 
4.510000 	 0.124048 	 -0.051641 	 0.137872 
4.520000 	 0.117707 	 -0.037329 	 0.127323 
4.530000 	 0.108231 	 -0.028545 	 0.141178 
4.540000 	 0.123063 	 -0.025558 	 0.145565 
4.550000 	 0.121171 	 -0.026294 	 0.152497 
4.560000 	 0.125062 	 -0.025754 	 0.142810 
4.570000 	 0.110350 	 -0.034889 	 0.143000 
4.580000 	 0.112920 	 -0.039511 	 0.145526 
4.590000 	 0.116703 	 -0.034500 	 0.156889 
4.600000 	 0.113138 	 -0.020256 	 0.145335 
4.610000 	 0.114152 	 -0.031441 	 0.163652 
4.620000 	 0.122659 	 -0.007575 	 0.150348 
4.630000 	 0.116443 	 -0.049466 	 0.153289 
4.640000 	 0.112973 	 -0.017242 	 0.130721 
4.650000 	 0.117187 	 -0.035472 	 0.156004 
4.660000 	 0.128369 	 -0.022787 	 0.156857 
4.670000 	 0.112250 	 -0.014888 	 0.154629 
4.680000 	 0.119118 	 -0.035080 	 0.159479 
4.690000 	 0.113386 	 -0.025877 	 0.140282 
4.700000 	 0.114464 	 -0.039099 	 0.138875 
4.710000 	 0.109079 	 -0.015328 	 0.162502 
4.720000 	 0.116128 	 -0.018120 	 0.162805 
4.730000 	 0.118718 	 -0.017422 	 0.156373 
4.740000 	 0.112456 	 -0.021851 	 0.157027 
4.750000 	 0.114327 	 -0.028270 	 0.150311 
4.760000 	 0.121456 	 -0.016794 	 0.161541 
4.770000 	 0.121169 	 -0.014178 	 0.167779 
4.780000 	 0.117558 	 -0.012504 	 0.158108 
4.790000 	 0.114716 	 -0.024673 	 0.141515 
4.800000 	 0.118072 	 -0.028013 	 0.166627 
4.810000 	 0.122109 	 -0.017570 	 0.160675 
4.820000 	 0.110474 	 -0.010228 	 0.182027 
4.830000 	 0.109015 	 0.005395 	 0.163953 
4.840000 	 0.108571 	 -0.016105 	 0.169634 
4.850000 	 0.122293 	 -0.023493 	 0.169525 
4.860000 	 0.123210 	 -0.016385 	 0.168252 
4.870000 	 0.120790 	 -0.036167 	 0.168938 
4.880000 	 0.121980 	 -0.010295 	 0.163108 
4.890000 	 0.115850 	 -0.002220 	 0.181304 
4.900000 	 0.115412 	 -0.002762 	 0.173431 
4.910000 	 0.109229 	 -0.013019 	 0.183611 
4.920000 	 0.113963 	 -0.012624 	 0.179843 
4.930000 	 0.112302 	 -0.010816 	 0.173134 
4.940000 	 0.125159 	 -0.009709 	 0.175269 
4.950000 	 0.131547 	 -0.015503 	 0.185811 
4.960000 	 0.126890 	 -0.023529 	 0.176891 
4.970000 	 0.114371 	 -0.005687 	 0.171939 
4.980000 	 0.118685 	 -0.009666 	 0.192109 
4.990000 	 0.119070 	 -0.012710 	 0.206900 
5.000000 	 0.115550 	 -0.009880 	 0.187442 
5.010000 	 0.116165 	 -0.018300 	 0.184665 
5.020000 	 0.111111 	 -0.013605 	 0.189525 
5.030000 	 0.119070 	 -0.011252 	 0.210997 
5.040000 	 0.116836 	 -0.010874 	 0.183199 
5.050000 	 0.120078 	 -0.008076 	 0.177925 
5.060000 	 0.123939 	 -0.009621 	 0.191632 
5.070000 	 0.118822 	 -0.015139 	 0.192143 
5.080000 	 0.115972 	 -0.005390 	 0.182161 
5.090000 	 0.110016 	 -0.001442 	 0.191205 
5.100000 	 0.120176 	 -0.009898 	 0.198323 
5.110000 	 0.114593 	 -0.014818 	 0.193579 
5.120000 	 0.119962 	 0.006246 	 0.176650 
5.130000 	 0.122175 	 -0.000568 	 0.188992 
5.140000 	 0.109973 	 -0.005182 	 0.190022 
5.150000 	 0.122945 	 -0.002980 	 0.190497 
5.160000 	 0.128809 	 -0.017515 	 0.188466 
5.170000 	 0.125589 	 0.004025 	 0.181864 
5.180000 	 0.111602 	 0.003307 	 0.197842 
5.190000 	 0.116582 	 0.015211 	 0.185479 
5.200000 	 0.122643 	 0.005105 	 0.202248 
5.210000 	 0.115623 	 0.002813 	 0.191453 
5.220000 	 0.118356 	 -0.004635 	 0.190650 
5.230000 	 0.114185 	 -0.008857 	 0.200011 
5.240000 	 0.125636 	 0.005720 	 0.191151 
5.250000 	 0.119200 	 0.002873 	 0.201999 
5.260000 	 0.119806 	 0.012736 	 0.186183 
5.270000 	 0.118125 	 -0.019667 	 0.196054 
5.280000 	 0.126315 	 0.000295 	 0.194532 
5.290000 	 0.112347 	 0.005209 	 0.191622 
5.300000 	 0.112835 	 0.001176 	 0.205510 
5.310000 	 0.125192 	 0.008573 	 0.204656 
5.320000 	 0.121229 	 -0.005070 	 0.206118 
5.330000 	 0.120318 	 -0.008795 	 0.192629 
5.340000 	 0.126523 	 0.004594 	 0.192310 
5.350000 	 0.123590 	 0.003093 	 0.213965 
5.360000 	 0.130264 	 0.011535 	 0.216074 
5.370000 	 0.127483 	 0.003711 	 0.206729 
5.380000 	 0.114318 	 0.005553 	 0.205043 
5.390000 	 0.111317 	 0.005950 	 0.220053 
5.400000 	 0.117623 	 0.009684 	 0.200580 
5.410000 	 0.120137 	 0.014037 	 0.196717 
5.420000 	 0.119305 	 0.020001 	 0.209799 
5.430000 	 0.120363 	 -0.007973 	 0.222353 
5.440000 	 0.122207 	 -0.015215 	 0.192432 
5.450000 	 0.113018 	 0.002617 	 0.209815 
5.460000 	 0.132522 	 0.021063 	 0.209246 
5.470000 	 0.133593 	 0.011382 	 0.208012 
5.480000 	 0.119946 	 0.012263 	 0.202535 
5.490000 	 0.105374 	 0.011191 	 0.209657 
5.500000 	 0.120575 	 0.004014 	 0.202651 
5.510000 	 0.138587 	 -0.001468 	 0.201974 
5.520000 	 0.116944 	 0.010200 	 0.200324 
5.530000 	 0.126483 	 0.010591 	 0.202281 
5.540000 	 0.132140 	 0.009206 	 0.206385 
5.550000 	 0.121654 	 0.012849 	 0.212569 
5.560000 	 0.113289 	 0.000748 	 0.213486 
5.570000 	 0.121273 	 0.009379 	 0.207908 
5.580000 	 0.122413 	 0.004576 	 0.215846 
5.590000 	 0.122705 	 0.020545 	 0.195479 
5.600000 	 0.120113 	 0.008926 	 0.214711 
5.610000 	 0.122638 	 0.016579 	 0.213898 
5.620000 	 0.124792 	 0.003249 	 0.212583 
5.630000 	 0.129817 	 0.004765 	 0.197379 
5.640000 	 0.127066 	 0.026369 	 0.207197 
5.650000 	 0.123648 	 0.025894 	 0.192743 
5.660000 	 0.125911 	 0.005774 	 0.197714 
5.670000 	 0.126826 	 0.011953 	 0.187233 
5.680000 	 0.128406 	 0.015779 	 0.206426 
5.690000 	 0.117831 	 0.011978 	 0.192915 
5.700000 	 0.125239 	 0.015535 	 0.196033 
5.710000 	 0.133861 	 0.006079 	 0.196395 
5.720000 	 0.128937 	 0.015765 	 0.201704 
5.730000 	 0.129065 	 0.010753 	 0.202102 
5.740000 	 0.130387 	 0.008947 	 0.192797 
5.750000 	 0.114665 	 0.034037 	 0.199109 
5.760000 	 0.120777 	 0.024893 	 0.203434 
5.770000 	 0.126469 	 0.023710 	 0.191860 
5.780000 	 0.133142 	 0.015554 	 0.193061 
5.790000 	 0.127261 	 0.013268 	 0.215543 
5.800000 	 0.126775 	 0.019725 	 0.205947 
5.810000 	 0.124532 	 0.016151 	 0.201449 
5.820000 	 0.131830 	 0.017317 	 0.180722 
5.830000 	 0.129077 	 0.016626 	 0.198397 
5.840000 	 0.123870 	 0.012928 	 0.191854 
5.850000 	 0.124104 	 0.014196 	 0.202780 
5.860000 	 0.120276 	 0.028352 	 0.188951 
5.870000 	 0.118247 	 0.018108 	 0.203509 
5.880000 	 0.131482 	 0.014034 	 0.191063 
5.890000 	 0.119837 	 0.022552 	 0.195886 
5.900000 	 0.134493 	 0.035166 	 0.192809 
5.910000 	 0.143651 	 0.017871 	 0.208039 
5.920000 	 0.121530 	 0.025251 	 0.191212 
5.930000 	 0.119121 	 0.019813 	 0.208028 
5.940000 	 0.115250 	 0.002566 	 0.190393 
5.950000 	 0.126283 	 0.018023 	 0.190785 
5.960000 	 0.123976 	 0.014003 	 0.201137 
5.970000 	 0.129307 	 0.035769 	 0.201992 
5.980000 	 0.126241 	 0.018889 	 0.202568 
5.990000 	 0.118410 	 0.015564 	 0.205216 
6.000000 	 0.122730 	 0.006526 	 0.200257 
6.010000 	 0.138375 	 0.019339 	 0.192262 
6.020000 	 0.125170 	 0.038514 	 0.193335 
6.030000 	 0.133358 	 0.030141 	 0.205130 
6.040000 	 0.122899 	 0.027797 	 0.199286 
6.050000 	 0.117734 	 0.022563 	 0.193318 
6.060000 	 0.128385 	 0.019280 	 0.206315 
6.070000 	 0.128724 	 0.020408 	 0.211017 
6.080000 	 0.118204 	 0.010997 	 0.180035 
6.090000 	 0.124951 	 0.026373 	 0.201043 
6.100000 	 0.127155 	 0.043829 	 0.219138 
6.110000 	 0.136974 	 0.019832 	 0.191077 
6.120000 	 0.124957 	 0.018273 	 0.197421 
6.130000 	 0.126640 	 0.021843 	 0.205079 
6.140000 	 0.129206 	 0.035593 	 0.206391 
6.150000 	 0.125218 	 0.030097 	 0.205372 
6.160000 	 0.129028 	 0.020394 	 0.200337 
6.170000 	 0.123946 	 0.018192 	 0.198105 
6.180000 	 0.120994 	 0.008171 	 0.198314 
6.190000 	 0.124301 	 0.030565 	 0.194696 
6.200000 	 0.116134 	 0.015705 	 0.193867 
6.210000 	 0.133254 	 0.024879 	 0.202673 
6.220000 	 0.132221 	 0.020668 	 0.191656 
6.230000 	 0.118328 	 0.012076 	 0.198785 
6.240000 	 0.129301 	 0.016662 	 0.191425 
6.250000 	 0.130900 	 0.019216 	 0.199616 
6.260000 	 0.128109 	 0.031768 	 0.191674 
6.270000 	 0.131288 	 0.025668 	 0.201300 
6.280000 	 0.131794 	 0.035211 	 0.206952 
6.290000 	 0.128686 	 0.024664 	 0.207785 
6.300000 	 0.121220 	 0.011907 	 0.196887 
6.310000 	 0.137764 	 0.018492 	 0.189265 
6.320000 	 0.131376 	 0.024138 	 0.201122 
6.330000 	 0.127302 	 0.022658 	 0.187387 
6.340000 	 0.123365 	 0.034575 	 0.187927 
6.350000 	 0.136622 	 0.014844 	 0.214945 
6.360000 	 0.141635 	 0.025860 	 0.181445 
6.370000 	 0.127391 	 0.018678 	 0.202663 
6.380000 	 0.131675 	 0.029509 	 0.206318 
6.390000 	 0.128713 	 0.020953 	 0.185128 
6.400000 	 0.132219 	 0.029895 	 0.184562 
6.410000 	 0.130810 	 0.025199 	 0.194660 
6.420000 	 0.132768 	 0.019984 	 0.198325 
6.430000 	 0.123905 	 0.033894 	 0.177947 
6.440000 	 0.130451 	 0.019721 	 0.187082 
6.450000 	 0.142624 	 0.017436 	 0.190289 
6.460000 	 0.138064 	 0.046676 	 0.214783 
6.470000 	 0.136543 	 0.024412 	 0.193710 
6.480000 	 0.127598 	 0.017533 	 0.195817 
6.490000 	 0.130314 	 0.009119 	 0.194356 
6.500000 	 0.127441 	 0.014580 	 0.201757 
6.510000 	 0.134423 	 0.023823 	 0.191776 
6.520000 	 0.138720 	 0.032520 	 0.185917 
6.530000 	 0.132241 	 0.025927 	 0.202359 
6.540000 	 0.130560 	 0.016044 	 0.195402 
6.550000 	 0.134634 	 0.021088 	 0.207657 
6.560000 	 0.138010 	 0.032561 	 0.206375 
6.570000 	 0.133301 	 0.032249 	 0.210345 
6.580000 	 0.131224 	 0.015479 	 0.189003 
6.590000 	 0.136584 	 0.004844 	 0.201217 
6.600000 	 0.135392 	 0.017817 	 0.207578 
6.610000 	 0.136195 	 0.020251 	 0.213717 
6.620000 	 0.134673 	 0.026393 	 0.204338 
6.630000 	 0.129565 	 0.035609 	 0.207335 
6.640000 	 0.142023 	 0.031305 	 0.198595 
6.650000 	 0.140165 	 0.006870 	 0.208822 
6.660000 	 0.128626 	 0.016184 	 0.195647 
6.670000 	 0.132078 	 0.022656 	 0.216382 
6.680000 	 0.133667 	 0.027312 	 0.203923 
6.690000 	 0.128519 	 0.026344 	 0.203234 
6.700000 	 0.138129 	 0.018639 	 0.191061 
6.710000 	 0.146088 	 0.013422 	 0.213175 
6.720000 	 0.138440 	 0.018698 	 0.207140 
6.730000 	 0.132928 	 0.018331 	 0.200362 
6.740000 	 0.130966 	 0.016512 	 0.195302 
6.750000 	 0.146221 	 0.023379 	 0.201832 
6.760000 	 0.137097 	 0.021879 	 0.216585 
6.770000 	 0.132283 	 0.014199 	 0.223375 
6.780000 	 0.133324 	 0.001548 	 0.201428 
6.790000 	 0.139663 	 0.022114 	 0.174958 
6.800000 	 0.133702 	 0.013773 	 0.201818 
6.810000 	 0.140265 	 0.033324 	 0.214701 
6.820000 	 0.144970 	 0.018285 	 0.213799 
6.830000 	 0.133622 	 0.027013 	 0.206112 
6.840000 	 0.135904 	 -0.002957 	 0.211410 
6.850000 	 0.130477 	 0.011297 	 0.207888 
6.860000 	 0.133932 	 0.021752 	 0.204234 
6.870000 	 0.147638 	 0.022785 	 0.198175 
6.880000 	 0.135147 	 0.026030 	 0.224966 
6.890000 	 0.140394 	 0.014803 	 0.206521 
6.900000 	 0.140450 	 0.016404 	 0.198414 
6.910000 	 0.129963 	 0.030295 	 0.196909 
6.920000 	 0.138230 	 0.025538 	 0.219341 
6.930000 	 0.129578 	 0.031481 	 0.193696 
6.940000 	 0.132194 	 0.018097 	 0.202050 
6.950000 	 0.143485 	 0.023104 	 0.208363 
6.960000 	 0.132173 	 0.026105 	 0.206212 
6.970000 	 0.129881 	 0.010515 	 0.202074 
6.980000 	 0.129080 	 0.025223 	 0.204399 
6.990000 	 0.145710 	 0.024386 	 0.211829 
7.000000 	 0.150978 	 0.021576 	 0.191084 
7.010000 	 0.142723 	 0.011450 	 0.195631 
7.020000 	 0.130934 	 0.029799 	 0.210101 
7.030000 	 0.128077 	 0.010381 	 0.227381 
7.040000 	 0.123702 	 0.019802 	 0.196325 
7.050000 	 0.138544 	 0.029268 	 0.213480 
7.060000 	 0.132886 	 0.025698 	 0.205096 
7.070000 	 0.144579 	 -0.006798 	 0.205393 
7.080000 	 0.139005 	 0.009303 	 0.194998 
7.090000 	 0.130222 	 0.015891 	 0.214075 
7.100000 	 0.126386 	 0.026033 	 0.198667 
7.110000 	 0.137799 	 0.012590 	 0.202887 
7.120000 	 0.135377 	 0.015305 	 0.212302 
7.130000 	 0.135414 	 0.012258 	 0.216743 
7.140000 	 0.124131 	 0.010983 	 0.193501 
7.150000 	 0.130549 	 0.015696 	 0.194180 
7.160000 	 0.140577 	 0.020459 	 0.216077 
7.170000 	 0.144374 	 0.023336 	 0.204581 
7.180000 	 0.131140 	 0.003431 	 0.198680 
7.190000 	 0.136635 	 0.024472 	 0.222324 
7.200000 	 0.126896 	 0.014607 	 0.219874 
7.210000 	 0.130290 	 0.011566 	 0.217705 
7.220000 	 0.132672 	 0.014107 	 0.203953 
7.230000 	 0.145567 	 0.009534 	 0.206628 
7.240000 	 0.129551 	 0.008201 	 0.211833 
7.250000 	 0.135174 	 0.014614 	 0.194729 
7.260000 	 0.138092 	 0.008955 	 0.195379 
7.270000 	 0.143788 	 0.019534 	 0.206668 
7.280000 	 0.122899 	 0.012009 	 0.204280 
7.290000 	 0.119924 	 0.014399 	 0.194388 
7.300000 	 0.126981 	 0.012930 	 0.198889 
7.310000 	 0.140850 	 0.026323 	 0.202200 
7.320000 	 0.132098 	 0.009479 	 0.209372 
7.330000 	 0.127035 	 0.005194 	 0.199810 
7.340000 	 0.137404 	 0.011523 	 0.189325 
7.350000 	 0.136400 	 0.010486 	 0.193452 
7.360000 	 0.135223 	 0.008936 	 0.206578 
7.370000 	 0.135252 	 0.010688 	 0.200265 
7.380000 	 0.120454 	 0.012638 	 0.178438 
7.390000 	 0.120439 	 0.005908 	 0.193062 
7.400000 	 0.129622 	 0.014638 	 0.203071 
7.410000 	 0.133908 	 0.011906 	 0.194028 
7.420000 	 0.137530 	 0.015198 	 0.190371 
7.430000 	 0.130977 	 0.015645 	 0.205278 
7.440000 	 0.132264 	 0.002718 	 0.185425 
7.450000 	 0.131287 	 0.011248 	 0.184539 
7.460000 	 0.127076 	 0.023400 	 0.199422 
7.470000 	 0.136192 	 0.013339 	 0.203724 
7.480000 	 0.127974 	 0.012971 	 0.183143 
7.490000 	 0.128815 	 0.007250 	 0.201423 
7.500000 	 0.141587 	 0.023079 	 0.201633 
7.510000 	 0.146279 	 -0.005610 	 0.202281 
7.520000 	 0.128001 	 0.010782 	 0.198798 
7.530000 	 0.129599 	 -0.003900 	 0.201523 
7.540000 	 0.127055 	 0.004977 	 0.196660 
7.550000 	 0.132032 	 -0.009149 	 0.194513 
7.560000 	 0.132601 	 0.009729 	 0.200852 
7.570000 	 0.128855 	 0.013063 	 0.197422 
7.580000 	 0.141643 	 0.013639 	 0.194125 
7.590000 	 0.129054 	 0.017987 	 0.194192 
7.600000 	 0.129474 	 0.003818 	 0.193247 
7.610000 	 0.131126 	 0.004001 	 0.175112 
7.620000 	 0.142365 	 0.014729 	 0.173389 
7.630000 	 0.125559 	 0.003764 	 0.185417 
7.640000 	 0.126239 	 0.016645 	 0.192169 
7.650000 	 0.140638 	 0.003485 	 0.185346 
7.660000 	 0.132761 	 0.004768 	 0.181746 
7.670000 	 0.129072 	 0.005613 	 0.172438 
7.680000 	 0.128322 	 -0.006052 	 0.181471 
7.690000 	 0.129593 	 -0.006090 	 0.174240 
7.700000 	 0.137445 	 0.006598 	 0.179491 
7.710000 	 0.130533 	 0.002275 	 0.175435 
7.720000 	 0.125438 	 0.017049 	 0.177285 
7.730000 	 0.132615 	 0.005992 	 0.163584 
7.740000 	 0.133661 	 0.005054 	 0.171720 
7.750000 	 0.133271 	 -0.003071 	 0.173920 
7.760000 	 0.133687 	 0.004951 	 0.193903 
7.770000 	 0.123102 	 0.020311 	 0.179022 
7.780000 	 0.126437 	 -0.002680 	 0.161860 
7.790000 	 0.134427 	 -0.003986 	 0.157907 
7.800000 	 0.130106 	 0.000838 	 0.182596 
7.810000 	 0.127343 	 0.007820 	 0.195121 
7.820000 	 0.132059 	 0.020834 	 0.179544 
7.830000 	 0.127651 	 -0.009544 	 0.177305 
7.840000 	 0.124423 	 0.013585 	 0.167412 
7.850000 	 0.133490 	 -0.005679 	 0.182084 
7.860000 	 0.137242 	 0.002438 	 0.192921 
7.870000 	 0.139663 	 -0.006607 	 0.173668 
7.880000 	 0.123633 	 -0.008385 	 0.177447 
7.890000 	 0.135695 	 0.004149 	 0.184937 
7.900000 	 0.130764 	 -0.003561 	 0.180425 
7.910000 	 0.137591 	 -0.000799 	 0.166922 
7.920000 	 0.128916 	 -0.003857 	 0.190468 
7.930000 	 0.132269 	 -0.000216 	 0.171181 
7.940000 	 0.127846 	 -0.001137 	 0.170488 
7.950000 	 0.141218 	 -0.000509 	 0.177916 
7.960000 	 0.136606 	 -0.001849 	 0.188914 
7.970000 	 0.133461 	 -0.007919 	 0.187144 
7.980000 	 0.138677 	 0.006461 	 0.172364 
7.990000 	 0.138080 	 0.008161 	 0.185833 
8.000000 	 0.134443 	 0.006407 	 0.186796 
8.010000 	 0.133907 	 -0.000999 	 0.168370 
8.020000 	 0.143288 	 -0.014971 	 0.169292 
8.030000 	 0.131072 	 -0.007230 	 0.195976 
8.040000 	 0.134880 	 -0.005509 	 0.186027 
8.050000 	 0.139789 	 0.001011 	 0.171912 
8.060000 	 0.146596 	 -0.008609 	 0.166574 
8.070000 	 0.141897 	 -0.001634 	 0.178716 
8.080000 	 0.131391 	 -0.009674 	 0.167918 
8.090000 	 0.142211 	 -0.012810 	 0.176702 
8.100000 	 0.138451 	 0.016727 	 0.179301 
8.110000 	 0.132699 	 -0.007853 	 0.197293 
8.120000 	 0.142691 	 -0.003535 	 0.173670 
8.130000 	 0.145864 	 -0.017678 	 0.146308 
8.140000 	 0.134223 	 -0.007440 	 0.171841 
8.150000 	 0.134735 	 -0.004974 	 0.168271 
8.160000 	 0.140500 	 -0.008102 	 0.179732 
8.170000 	 0.143081 	 -0.002419 	 0.171821 
8.180000 	 0.128941 	 -0.026432 	 0.169612 
8.190000 	 0.130157 	 -0.017587 	 0.164720 
8.200000 	 0.130378 	 -0.016438 	 0.155849 
8.210000 	 0.131804 	 -0.011667 	 0.181429 
8.220000 	 0.140626 	 -0.001912 	 0.185716 
8.230000 	 0.139366 	 -0.019824 	 0.159907 
8.240000 	 0.137300 	 -0.007158 	 0.148648 
8.250000 	 0.135883 	 -0.001336 	 0.180032 
8.260000 	 0.137890 	 -0.007743 	 0.187200 
8.270000 	 0.136139 	 -0.003870 	 0.165487 
8.280000 	 0.130460 	 -0.019012 	 0.164886 
8.290000 	 0.132722 	 -0.003753 	 0.165953 
8.300000 	 0.133963 	 -0.003896 	 0.161839 
8.310000 	 0.136306 	 -0.005960 	 0.166932 
8.320000 	 0.135630 	 0.006832 	 0.174435 
8.330000 	 0.138179 	 -0.010023 	 0.175112 
8.340000 	 0.143682 	 -0.014715 	 0.155527 
8.350000 	 0.124838 	 -0.012128 	 0.145400 
8.360000 	 0.123614 	 0.002007 	 0.171178 
8.370000 	 0.131741 	 0.012362 	 0.174528 
8.380000 	 0.148488 	 -0.008436 	 0.167165 
8.390000 	 0.125183 	 -0.004188 	 0.156409 
8.400000 	 0.134264 	 -0.011808 	 0.163905 
8.410000 	 0.141513 	 -0.008987 	 0.167098 
8.420000 	 0.142987 	 -0.005683 	 0.156789 
8.430000 	 0.135367 	 -0.022651 	 0.161639 
8.440000 	 0.130279 	 0.002321 	 0.167049 
8.450000 	 0.132763 	 -0.002379 	 0.170000 
8.460000 	 0.143580 	 0.002448 	 0.163762 
8.470000 	 0.125964 	 -0.010181 	 0.154059 
8.480000 	 0.137031 	 -0.013768 	 0.170937 
8.490000 	 0.134719 	 0.006665 	 0.153687 
8.500000 	 0.141502 	 -0.000897 	 0.158468 
8.510000 	 0.134619 	 -0.012478 	 0.166487 
8.520000 	 0.141928 	 -0.017189 	 0.168719 
8.530000 	 0.137306 	 -0.014850 	 0.167727 
8.540000 	 0.135669 	 -0.003734 	 0.181276 
8.550000 	 0.130579 	 -0.028549 	 0.175409 
8.560000 	 0.134541 	 -0.016465 	 0.155383 
8.570000 	 0.126475 	 -0.015872 	 0.162340 
8.580000 	 0.135951 	 -0.003189 	 0.164120 
8.590000 	 0.143951 	 -0.022722 	 0.172297 
8.600000 	 0.142983 	 -0.012991 	 0.162037 
8.610000 	 0.132392 	 -0.008081 	 0.162951 
8.620000 	 0.137973 	 -0.005995 	 0.178376 
8.630000 	 0.129082 	 -0.017712 	 0.170768 
8.640000 	 0.132870 	 -0.035876 	 0.171212 
8.650000 	 0.130736 	 -0.019741 	 0.164228 
8.660000 	 0.141379 	 -0.008018 	 0.173670 
8.670000 	 0.135751 	 -0.003969 	 0.164371 
8.680000 	 0.131829 	 -0.019100 	 0.167517 
8.690000 	 0.138668 	 -0.033511 	 0.178176 
8.700000 	 0.129636 	 -0.018694 	 0.158717 
8.710000 	 0.129665 	 -0.019061 	 0.156157 
8.720000 	 0.133710 	 -0.019218 	 0.176029 
8.730000 	 0.133897 	 -0.025027 	 0.168004 
8.740000 	 0.128354 	 -0.031519 	 0.155844 
8.750000 	 0.133327 	 -0.016150 	 0.161430 
8.760000 	 0.138177 	 -0.021243 	 0.167150 
8.770000 	 0.135179 	 -0.012151 	 0.158398 
8.780000 	 0.140548 	 -0.020836 	 0.160351 
8.790000 	 0.136104 	 -0.044413 	 0.157579 
8.800000 	 0.129095 	 -0.033842 	 0.152859 
8.810000 	 0.130014 	 -0.026306 	 0.162152 
8.820000 	 0.138088 	 -0.012075 	 0.160114 
8.830000 	 0.132295 	 -0.020166 	 0.163330 
8.840000 	 0.129649 	 -0.027735 	 0.159458 
8.850000 	 0.131222 	 -0.038105 	 0.155360 
8.860000 	 0.137753 	 -0.019676 	 0.172709 
8.870000 	 0.130545 	 -0.020719 	 0.158909 
8.880000 	 0.134932 	 -0.039053 	 0.171286 
8.890000 	 0.134047 	 -0.017905 	 0.169496 
8.900000 	 0.127999 	 -0.037400 	 0.166533 
8.910000 	 0.129179 	 -0.014758 	 0.157653 
8.920000 	 0.134301 	 -0.035061 	 0.173457 
8.930000 	 0.129747 	 -0.023269 	 0.174806 
8.940000 	 0.127337 	 -0.032225 	 0.154091 
8.950000 	 0.132166 	 -0.037511 	 0.148434 
8.960000 	 0.134257 	 -0.033747 	 0.160674 
8.970000 	 0.138680 	 -0.038375 	 0.177494 
8.980000 	 0.143718 	 -0.042200 	 0.165132 
8.990000 	 0.118952 	 -0.036236 	 0.152699 
9.000000 	 0.127587 	 -0.030940 	 0.169403 
9.010000 	 0.132103 	 -0.021803 	 0.181032 
9.020000 	 0.141921 	 -0.031786 	 0.162469 
9.030000 	 0.134092 	 -0.036507 	 0.169510 
9.040000 	 0.131056 	 -0.037663 	 0.175967 
9.050000 	 0.134153 	 -0.038200 	 0.165850 
9.060000 	 0.130936 	 -0.041175 	 0.171561 
9.070000 	 0.137363 	 -0.028174 	 0.167246 
9.080000 	 0.132724 	 -0.037325 	 0.167578 
9.090000 	 0.137540 	 -0.035629 	 0.181337 
9.100000 	 0.119472 	 -0.048535 	 0.177147 
9.110000 	 0.131578 	 -0.028070 	 0.164155 
9.120000 	 0.136004 	 -0.013255 	 0.178195 
9.130000 	 0.141607 	 -0.029894 	 0.169627 
9.140000 	 0.130688 	 -0.041989 	 0.168388 
9.150000 	 0.135772 	 -0.039038 	 0.171359 
9.160000 	 0.129239 	 -0.041553 	 0.176006 
9.170000 	 0.126598 	 -0.032619 	 0.177546 
9.180000 	 0.127452 	 -0.026856 	 0.167111 
9.190000 	 0.129189 	 -0.035125 	 0.165356 
9.200000 	 0.135644 	 -0.042765 	 0.173548 
9.210000 	 0.138441 	 -0.041981 	 0.176829 
9.220000 	 0.133047 	 -0.039336 	 0.185341 
9.230000 	 0.131344 	 -0.033313 	 0.172997 
9.240000 	 0.136938 	 -0.027401 	 0.167024 
9.250000 	 0.135568 	 -0.034090 	 0.165897 
9.260000 	 0.123179 	 -0.042376 	 0.173643 
9.270000 	 0.125064 	 -0.046033 	 0.190854 
9.280000 	 0.134889 	 -0.030549 	 0.190446 
9.290000 	 0.134388 	 -0.032141 	 0.186692 
9.300000 	 0.136009 	 -0.025298 	 0.174616 
9.310000 	 0.124234 	 -0.044078 	 0.184418 
9.320000 	 0.132776 	 -0.041311 	 0.185198 
9.330000 	 0.130452 	 -0.049969 	 0.191464 
9.340000 	 0.134517 	 -0.016142 	 0.193376 
9.350000 	 0.127035 	 -0.026836 	 0.181125 
9.360000 	 0.132004 	 -0.039689 	 0.193994 
9.370000 	 0.139376 	 -0.033855 	 0.199279 
9.380000 	 0.139093 	 -0.044002 	 0.188087 
9.390000 	 0.121460 	 -0.036170 	 0.178391 
9.400000 	 0.127385 	 -0.034480 	 0.178858 
9.410000 	 0.134347 	 -0.032085 	 0.190474 
9.420000 	 0.125518 	 -0.041863 	 0.186733 
9.430000 	 0.129569 	 -0.040142 	 0.194371 
9.440000 	 0.128943 	 -0.033821 	 0.189784 
9.450000 	 0.125004 	 -0.041536 	 0.189413 
9.460000 	 0.133285 	 -0.022886 	 0.185256 
9.470000 	 0.127946 	 -0.038034 	 0.197925 
9.480000 	 0.119447 	 -0.039179 	 0.192156 
9.490000 	 0.127910 	 -0.050005 	 0.193446 
9.500000 	 0.141004 	 -0.035114 	 0.190361 
9.510000 	 0.127278 	 -0.030072 	 0.189088 
9.520000 	 0.125627 	 -0.029798 	 0.179899 
9.530000 	 0.127568 	 -0.036489 	 0.196680 
9.540000 	 0.133924 	 -0.031550 	 0.217949 
9.550000 	 0.124788 	 -0.046850 	 0.190724 
9.560000 	 0.128884 	 -0.046896 	 0.192258 
9.570000 	 0.132506 	 -0.028504 	 0.196342 
9.580000 	 0.139709 	 -0.026527 	 0.213492 
9.590000 	 0.118674 	 -0.045756 	 0.187415 
9.600000 	 0.119314 	 -0.039415 	 0.182885 
9.610000 	 0.123427 	 -0.031880 	 0.207982 
9.620000 	 0.131412 	 -0.043481 	 0.198887 
9.630000 	 0.139893 	 -0.040137 	 0.215845 
9.640000 	 0.130174 	 -0.030878 	 0.195824 
9.650000 	 0.117290 	 -0.039590 	 0.192708 
9.660000 	 0.126396 	 -0.034633 	 0.193193 
9.670000 	 0.130993 	 -0.034199 	 0.215594 
9.680000 	 0.120207 	 -0.031368 	 0.203425 
9.690000 	 0.123938 	 -0.037734 	 0.201897 
9.700000 	 0.129666 	 -0.034902 	 0.184286 
9.710000 	 0.122351 	 -0.043387 	 0.201868 
9.720000 	 0.122421 	 -0.029607 	 0.208430 
9.730000 	 0.127771 	 -0.028899 	 0.216424 
9.740000 	 0.124613 	 -0.036878 	 0.196852 
9.750000 	 0.127933 	 -0.032543 	 0.192585 
9.760000 	 0.124366 	 -0.049468 	 0.194361 
9.770000 	 0.128099 	 -0.038426 	 0.226335 
9.780000 	 0.118401 	 -0.043274 	 0.215702 
9.790000 	 0.117515 	 -0.041303 	 0.198024 
9.800000 	 0.128225 	 -0.034713 	 0.194742 
9.810000 	 0.128362 	 -0.036007 	 0.204589 
9.820000 	 0.129167 	 -0.048660 	 0.223068 
9.830000 	 0.124213 	 -0.033923 	 0.203889 
9.840000 	 0.118102 	 -0.046306 	 0.219636 
9.850000 	 0.119818 	 -0.034287 	 0.189130 
9.860000 	 0.131475 	 -0.050436 	 0.203628 
9.870000 	 0.122117 	 -0.030561 	 0.211275 
9.880000 	 0.125048 	 -0.034028 	 0.219521 
9.890000 	 0.124318 	 -0.040055 	 0.210838 
9.900000 	 0.116127 	 -0.060190 	 0.207325 
9.910000 	 0.121046 	 -0.051806 	 0.196465 
9.920000 	 0.121778 	 -0.036114 	 0.197037 
9.930000 	 0.124271 	 -0.036519 	 0.223623 
9.940000 	 0.124081 	 -0.044523 	 0.208359 
9.950000 	 0.124131 	 -0.054965 	 0.205834 
9.960000 	 0.120988 	 -0.052244 	 0.193066 
9.970000 	 0.120595 	 -0.029849 	 0.194714 
9.980000 	 0.126128 	 -0.032861 	 0.231849 
9.990000 	 0.124612 	 -0.038030 	 0.213052 
10.000000 	 0.124485 	 -0.058900 	 0.210900 
10.010000 	 0.116687 	 -0.045985 	 0.211688 
10.020000 	 0.119306 	 -0.052221 	 0.206456 
10.030000 	 0.121664 	 -0.050887 	 0.203588 
10.040000 	 0.118512 	 -0.029636 	 0.221988 
10.050000 	 0.124536 	 -0.037290 	 0.229044 
10.060000 	 0.112757 	 -0.040715 	 0.193518 
10.070000 	 0.121102 	 -0.061188 	 0.213855 
10.080000 	 0.130378 	 -0.052935 	 0.230821 
10.090000 	 0.127272 	 -0.054262 	 0.217046 
10.100000 	 0.110742 	 -0.056375 	 0.206667 
10.110000 	 0.117707 	 -0.037913 	 0.216128 
10.120000 	 0.123183 	 -0.037373 	 0.230945 
10.130000 	 0.126329 	 -0.036700 	 0.218345 
10.140000 	 0.118407 	 -0.053605 	 0.224495 
10.150000 	 0.114132 	 -0.050577 	 0.217828 
10.160000 	 0.118864 	 -0.059075 	 0.225739 
10.170000 	 0.124354 	 -0.053646 	 0.224451 
10.180000 	 0.128939 	 -0.037770 	 0.197466 
10.190000 	 0.116935 	 -0.057169 	 0.208643 
10.200000 	 0.125271 	 -0.050733 	 0.227854 
10.210000 	 0.112381 	 -0.056112 	 0.225304 
10.220000 	 0.114574 	 -0.061294 	 0.210313 
10.230000 	 0.116339 	 -0.042678 	 0.219460 
10.240000 	 0.127928 	 -0.045778 	 0.222158 
10.250000 	 0.127553 	 -0.038172 	 0.199276 
10.260000 	 0.110061 	 -0.051817 	 0.201340 
10.270000 	 0.112725 	 -0.055532 	 0.219310 
10.280000 	 0.118450 	 -0.045579 	 0.221591 
10.290000 	 0.117827 	 -0.047268 	 0.217187 
10.300000 	 0.115877 	 -0.047215 	 0.209249 
10.310000 	 0.117342 	 -0.047380 	 0.225070 
10.320000 	 0.108880 	 -0.049700 	 0.216411 
10.330000 	 0.106689 	 -0.046030 	 0.203231 
10.340000 	 0.125862 	 -0.023981 	 0.194542 
10.350000 	 0.121844 	 -0.037109 	 0.220181 
10.360000 	 0.112773 	 -0.046986 	 0.194450 
10.370000 	 0.122180 	 -0.059950 	 0.220457 
10.380000 	 0.102447 	 -0.026370 	 0.212912 
10.390000 	 0.113171 	 -0.041481 	 0.213000 
10.400000 	 0.117324 	 -0.031411 	 0.195882 
10.410000 	 0.123701 	 -0.033924 	 0.207189 
10.420000 	 0.108592 	 -0.056531 	 0.213580 
10.430000 	 0.112723 	 -0.041240 	 0.208996 
10.440000 	 0.109175 	 -0.049220 	 0.202022 
10.450000 	 0.118412 	 -0.027652 	 0.203886 
10.460000 	 0.116505 	 -0.047371 	 0.222249 
10.470000 	 0.112032 	 -0.037151 	 0.218135 
10.480000 	 0.116925 	 -0.036530 	 0.212476 
10.490000 	 0.117772 	 -0.043320 	 0.207910 
10.500000 	 0.112476 	 -0.057711 	 0.211400 
10.510000 	 0.101328 	 -0.043248 	 0.197361 
10.520000 	 0.118000 	 -0.038373 	 0.220154 
10.530000 	 0.120752 	 -0.034589 	 0.213347 
10.540000 	 0.106301 	 -0.055403 	 0.232145 
10.550000 	 0.105840 	 -0.050104 	 0.218976 
10.560000 	 0.105486 	 -0.040434 	 0.213799 
10.570000 	 0.112004 	 -0.026495 	 0.210170 
10.580000 	 0.102209 	 -0.050835 	 0.217866 
10.590000 	 0.118114 	 -0.052375 	 0.215955 
10.600000 	 0.110424 	 -0.054884 	 0.210108 
10.610000 	 0.106098 	 -0.043492 	 0.205805 
10.620000 	 0.107434 	 -0.036970 	 0.188210 
10.630000 	 0.112677 	 -0.037905 	 0.215123 
10.640000 	 0.104973 	 -0.040954 	 0.216304 
10.650000 	 0.111195 	 -0.055524 	 0.212785 
10.660000 	 0.100541 	 -0.056806 	 0.202845 
10.670000 	 0.103438 	 -0.050372 	 0.188132 
10.680000 	 0.107662 	 -0.036128 	 0.200583 
10.690000 	 0.110242 	 -0.030803 	 0.217424 
10.700000 	 0.110343 	 -0.041550 	 0.204787 
10.710000 	 0.106050 	 -0.047876 	 0.194680 
10.720000 	 0.092942 	 -0.044492 	 0.200057 
10.730000 	 0.097279 	 -0.059589 	 0.211430 
10.740000 	 0.113594 	 -0.022149 	 0.195717 
10.750000 	 0.108882 	 -0.046142 	 0.192724 
10.760000 	 0.103661 	 -0.040243 	 0.208638 
10.770000 	 0.102393 	 -0.056281 	 0.192461 
10.780000 	 0.105753 	 -0.065194 	 0.181100 
10.790000 	 0.103705 	 -0.043825 	 0.193616 
10.800000 	 0.106612 	 -0.042570 	 0.210670 
10.810000 	 0.101393 	 -0.038951 	 0.203807 
10.820000 	 0.115075 	 -0.050137 	 0.179116 
10.830000 	 0.098876 	 -0.048016 	 0.192894 
10.840000 	 0.099298 	 -0.041910 	 0.192345 
10.850000 	 0.108947 	 -0.039868 	 0.189359 
10.860000 	 0.093654 	 -0.037656 	 0.166455 
10.870000 	 0.092824 	 -0.056180 	 0.196020 
10.880000 	 0.106581 	 -0.054011 	 0.177584 
10.890000 	 0.109275 	 -0.043853 	 0.175668 
10.900000 	 0.099365 	 -0.046805 	 0.175921 
10.910000 	 0.097905 	 -0.045265 	 0.181628 
10.920000 	 0.100540 	 -0.047891 	 0.175156 
10.930000 	 0.095440 	 -0.048144 	 0.169016 
10.940000 	 0.099214 	 -0.045624 	 0.158370 
10.950000 	 0.108920 	 -0.058138 	 0.166910 
10.960000 	 0.103273 	 -0.050811 	 0.175091 
10.970000 	 0.099453 	 -0.043192 	 0.166090 
10.980000 	 0.106210 	 -0.041725 	 0.179338 
10.990000 	 0.094890 	 -0.043771 	 0.162925 
11.000000 	 0.096274 	 -0.047810 	 0.177427 
11.010000 	 0.095429 	 -0.025019 	 0.163875 
11.020000 	 0.099371 	 -0.040292 	 0.173192 
11.030000 	 0.115478 	 -0.042148 	 0.171649 
11.040000 	 0.108267 	 -0.037835 	 0.178709 
11.050000 	 0.100404 	 -0.047802 	 0.175405 
11.060000 	 0.091554 	 -0.047126 	 0.164798 
11.070000 	 0.089525 	 -0.055443 	 0.174067 
11.080000 	 0.098984 	 -0.038121 	 0.187093 
11.090000 	 0.099763 	 -0.031917 	 0.169988 
11.100000 	 0.104053 	 -0.044427 	 0.163971 
11.110000 	 0.107185 	 -0.039621 	 0.170457 
11.120000 	 0.103291 	 -0.042923 	 0.162230 
11.130000 	 0.091732 	 -0.049410 	 0.166091 
11.140000 	 0.109064 	 -0.031828 	 0.172150 
11.150000 	 0.104632 	 -0.039704 	 0.166028 
11.160000 	 0.105619 	 -0.030218 	 0.161452 
11.170000 	 0.092232 	 -0.045324 	 0.172680 
11.180000 	 0.109837 	 -0.044866 	 0.173552 
11.190000 	 0.101539 	 -0.036679 	 0.169512 
11.200000 	 0.098620 	 -0.036965 	 0.157642 
11.210000 	 0.093516 	 -0.042042 	 0.146397 
11.220000 	 0.107150 	 -0.053765 	 0.159294 
11.230000 	 0.100520 	 -0.045159 	 0.165419 
11.240000 	 0.100678 	 -0.030455 	 0.164471 
11.250000 	 0.100998 	 -0.050667 	 0.168715 
11.260000 	 0.098623 	 -0.043193 	 0.145345 
11.270000 	 0.100684 	 -0.052003 	 0.146993 
11.280000 	 0.101447 	 -0.043314 	 0.160598 
11.290000 	 0.105199 	 -0.040310 	 0.170858 
11.300000 	 0.098003 	 -0.036269 	 0.155631 
11.310000 	 0.101995 	 -0.047732 	 0.145017 
11.320000 	 0.099725 	 -0.044058 	 0.156273 
11.330000 	 0.094402 	 -0.042800 	 0.151098 
11.340000 	 0.104430 	 -0.049155 	 0.161017 
11.350000 	 0.105718 	 -0.037121 	 0.158278 
11.360000 	 0.101895 	 -0.032475 	 0.158999 
11.370000 	 0.099859 	 -0.042581 	 0.145721 
11.380000 	 0.107621 	 -0.052772 	 0.127392 
11.390000 	 0.098079 	 -0.042578 	 0.156933 
11.400000 	 0.101349 	 -0.041328 	 0.163777 
11.410000 	 0.098176 	 -0.035693 	 0.145323 
11.420000 	 0.090462 	 -0.044794 	 0.136240 
11.430000 	 0.097800 	 -0.043908 	 0.152193 
11.440000 	 0.103729 	 -0.045205 	 0.161359 
11.450000 	 0.105832 	 -0.048479 	 0.149632 
11.460000 	 0.098207 	 -0.030056 	 0.140018 
11.470000 	 0.101942 	 -0.030347 	 0.141389 
11.480000 	 0.101728 	 -0.038182 	 0.147060 
11.490000 	 0.103731 	 -0.041440 	 0.124904 
11.500000 	 0.101727 	 -0.054901 	 0.154041 
11.510000 	 0.094071 	 -0.038664 	 0.149114 
11.520000 	 0.094574 	 -0.033932 	 0.144412 
11.530000 	 0.099584 	 -0.037257 	 0.117224 
11.540000 	 0.117878 	 -0.026579 	 0.135261 
11.550000 	 0.088692 	 -0.032744 	 0.145503 
11.560000 	 0.086335 	 -0.042925 	 0.152514 
11.570000 	 0.099183 	 -0.036243 	 0.133076 
11.580000 	 0.095844 	 -0.046961 	 0.146090 
11.590000 	 0.094422 	 -0.035029 	 0.128095 
11.600000 	 0.096036 	 -0.048624 	 0.132997 
11.610000 	 0.100616 	 -0.023050 	 0.142261 
11.620000 	 0.098301 	 -0.033258 	 0.145798 
11.630000 	 0.092613 	 -0.046952 	 0.136722 
11.640000 	 0.090647 	 -0.039061 	 0.129243 
11.650000 	 0.097787 	 -0.036209 	 0.152326 
11.660000 	 0.095121 	 -0.033332 	 0.138063 
11.670000 	 0.090787 	 -0.039959 	 0.130248 
11.680000 	 0.094742 	 -0.035958 	 0.131688 
11.690000 	 0.100160 	 -0.053565 	 0.131753 
11.700000 	 0.093974 	 -0.032025 	 0.112392 
11.710000 	 0.088706 	 -0.027063 	 0.127236 
11.720000 	 0.094676 	 -0.029913 	 0.150481 
11.730000 	 0.099383 	 -0.037616 	 0.117068 
11.740000 	 0.071457 	 -0.056153 	 0.115826 
11.750000 	 0.086969 	 -0.042108 	 0.123993 
11.760000 	 0.088328 	 -0.042409 	 0.152679 
11.770000 	 0.100756 	 -0.041422 	 0.126654 
11.780000 	 0.092025 	 -0.040349 	 0.115019 
11.790000 	 0.096126 	 -0.049838 	 0.116520 
11.800000 	 0.091427 	 -0.039416 	 0.137296 
11.810000 	 0.093670 	 -0.040185 	 0.117512 
11.820000 	 0.088145 	 -0.036788 	 0.124645 
11.830000 	 0.087782 	 -0.024643 	 0.133820 
11.840000 	 0.094324 	 -0.043577 	 0.135989 
11.850000 	 0.084265 	 -0.037048 	 0.104220 
11.860000 	 0.079250 	 -0.038753 	 0.107373 
11.870000 	 0.092880 	 -0.040087 	 0.126488 
11.880000 	 0.095376 	 -0.036267 	 0.129249 
11.890000 	 0.090705 	 -0.042020 	 0.119025 
11.900000 	 0.087106 	 -0.031610 	 0.098206 
11.910000 	 0.077693 	 -0.036353 	 0.120487 
11.920000 	 0.084264 	 -0.046557 	 0.135817 
11.930000 	 0.090660 	 -0.048552 	 0.104812 
11.940000 	 0.084250 	 -0.034669 	 0.113476 
11.950000 	 0.081696 	 -0.021093 	 0.116201 
11.960000 	 0.094703 	 -0.025186 	 0.116686 
11.970000 	 0.089691 	 -0.037664 	 0.090147 
11.980000 	 0.078237 	 -0.029205 	 0.121808 
11.990000 	 0.084992 	 -0.026932 	 0.119276 
12.000000 	 0.081514 	 -0.023960 	 0.118111 
12.010000 	 0.085574 	 -0.010386 	 0.107640 
12.020000 	 0.085510 	 -0.031152 	 0.096100 
12.030000 	 0.085625 	 -0.028351 	 0.113959 
12.040000 	 0.078442 	 -0.037848 	 0.123828 
12.050000 	 0.085195 	 -0.035742 	 0.100217 
12.060000 	 0.082102 	 -0.019900 	 0.109360 
12.070000 	 0.086884 	 -0.010990 	 0.107660 
12.080000 	 0.082280 	 -0.018205 	 0.108637 
12.090000 	 0.087288 	 -0.027702 	 0.115399 
12.100000 	 0.085715 	 -0.022770 	 0.104601 
12.110000 	 0.082987 	 -0.027007 	 0.104871 
12.120000 	 0.086084 	 -0.005910 	 0.119104 
12.130000 	 0.084304 	 -0.008806 	 0.118931 
12.140000 	 0.092117 	 -0.039049 	 0.088855 
12.150000 	 0.082869 	 -0.051203 	 0.105668 
12.160000 	 0.088821 	 -0.039808 	 0.114434 
12.170000 	 0.078453 	 -0.011910 	 0.113339 
12.180000 	 0.073904 	 -0.015455 	 0.101362 
12.190000 	 0.079702 	 -0.030547 	 0.102378 
12.200000 	 0.080791 	 -0.041166 	 0.107048 
12.210000 	 0.082625 	 -0.052104 	 0.109979 
12.220000 	 0.081554 	 -0.026830 	 0.099375 
12.230000 	 0.090018 	 -0.021532 	 0.104295 
12.240000 	 0.086283 	 -0.028694 	 0.093415 
12.250000 	 0.077994 	 -0.036960 	 0.107641 
12.260000 	 0.084267 	 -0.030098 	 0.093220 
12.270000 	 0.079979 	 -0.031611 	 0.099588 
12.280000 	 0.079864 	 -0.032895 	 0.106506 
12.290000 	 0.086706 	 -0.032224 	 0.109714 
12.300000 	 0.081358 	 -0.048167 	 0.090030 
12.310000 	 0.080445 	 -0.040960 	 0.092934 
12.320000 	 0.079154 	 -0.036049 	 0.098592 
12.330000 	 0.079159 	 -0.024199 	 0.095235 
12.340000 	 0.071705 	 -0.026422 	 0.077699 
12.350000 	 0.070254 	 -0.030726 	 0.089694 
12.360000 	 0.076091 	 -0.029712 	 0.087605 
12.370000 	 0.083985 	 -0.034075 	 0.095121 
12.380000 	 0.087223 	 -0.030691 	 0.064618 
12.390000 	 0.072739 	 -0.022407 	 0.075315 
12.400000 	 0.076233 	 -0.022028 	 0.092341 
12.410000 	 0.072425 	 -0.014965 	 0.072217 
12.420000 	 0.076990 	 -0.036369 	 0.063966 
12.430000 	 0.073002 	 -0.049605 	 0.082148 
12.440000 	 0.074997 	 -0.039416 	 0.084298 
12.450000 	 0.079651 	 -0.018774 	 0.058151 
12.460000 	 0.076781 	 -0.019466 	 0.081787 
12.470000 	 0.073719 	 -0.020369 	 0.070893 
12.480000 	 0.069813 	 -0.048453 	 0.065676 
12.490000 	 0.076731 	 -0.039440 	 0.062025 
12.500000 	 0.073196 	 -0.029169 	 0.095118 
12.510000 	 0.065666 	 -0.022620 	 0.075879 
12.520000 	 0.060366 	 -0.021690 	 0.072257 
12.530000 	 0.062880 	 -0.011072 	 0.067943 
12.540000 	 0.072583 	 -0.031907 	 0.085804 
12.550000 	 0.077359 	 -0.051080 	 0.079702 
12.560000 	 0.082198 	 -0.029705 	 0.073570 
12.570000 	 0.071073 	 -0.020559 	 0.075095 
12.580000 	 0.055984 	 -0.030584 	 0.065448 
12.590000 	 0.068343 	 -0.035182 	 0.059692 
12.600000 	 0.068758 	 -0.025790 	 0.078577 
12.610000 	 0.074385 	 -0.015660 	 0.089322 
12.620000 	 0.065618 	 -0.022341 	 0.070440 
12.630000 	 0.063501 	 -0.026827 	 0.065718 
12.640000 	 0.063738 	 -0.023328 	 0.068663 
12.650000 	 0.074985 	 -0.017767 	 0.081835 
12.660000 	 0.075952 	 -0.010873 	 0.066952 
12.670000 	 0.059872 	 -0.021625 	 0.070902 
12.680000 	 0.064934 	 -0.022026 	 0.067568 
12.690000 	 0.067762 	 -0.024013 	 0.079517 
12.700000 	 0.062246 	 -0.016550 	 0.084586 
12.710000 	 0.074064 	 -0.024965 	 0.064154 
12.720000 	 0.070055 	 -0.018725 	 0.065625 
12.730000 	 0.067315 	 -0.005880 	 0.059820 
12.740000 	 0.072222 	 -0.024509 	 0.070797 
12.750000 	 0.067391 	 -0.007550 	 0.055064 
12.760000 	 0.074127 	 -0.019199 	 0.069300 
12.770000 	 0.056325 	 -0.004338 	 0.057041 
12.780000 	 0.061462 	 -0.015454 	 0.077806 
12.790000 	 0.063872 	 -0.021063 	 0.059324 
12.800000 	 0.070620 	 -0.014123 	 0.057407 
12.810000 	 0.063639 	 -0.010150 	 0.047399 
12.820000 	 0.073798 	 -0.013252 	 0.055702 
12.830000 	 0.060397 	 -0.015840 	 0.036218 
12.840000 	 0.065626 	 -0.032194 	 0.046930 
12.850000 	 0.063772 	 -0.012564 	 0.044146 
12.860000 	 0.062854 	 -0.006396 	 0.075304 
12.870000 	 0.069501 	 0.002613 	 0.056473 
12.880000 	 0.063635 	 -0.026749 	 0.053707 
12.890000 	 0.053440 	 -0.009350 	 0.050576 
12.900000 	 0.071905 	 -0.013830 	 0.069019 
12.910000 	 0.065364 	 -0.000210 	 0.046834 
12.920000 	 0.064452 	 -0.012676 	 0.041675 
12.930000 	 0.066317 	 -0.001529 	 0.061364 
12.940000 	 0.064042 	 0.000824 	 0.044672 
12.950000 	 0.053331 	 -0.022801 	 0.058530 
12.960000 	 0.064647 	 -0.015899 	 0.058517 
12.970000 	 0.057030 	 -0.012791 	 0.066175 
12.980000 	 0.056779 	 0.011964 	 0.045851 
12.990000 	 0.068656 	 -0.008245 	 0.051430 
13.000000 	 0.071619 	 -0.013114 	 0.048006 
13.010000 	 0.055634 	 -0.007255 	 0.066263 
13.020000 	 0.055035 	 -0.006486 	 0.046032 
13.030000 	 0.047730 	 -0.001671 	 0.050338 
13.040000 	 0.062261 	 0.002888 	 0.047163 
13.050000 	 0.051426 	 0.009330 	 0.077524 
13.060000 	 0.064024 	 -0.006587 	 0.058208 
13.070000 	 0.061331 	 -0.012634 	 0.064351 
13.080000 	 0.056257 	 -0.009052 	 0.049790 
13.090000 	 0.055755 	 -0.013142 	 0.061926 
13.100000 	 0.056041 	 -0.011377 	 0.056023 
13.110000 	 0.049647 	 -0.016676 	 0.044202 
13.120000 	 0.048875 	 -0.016580 	 0.055430 
13.130000 	 0.056485 	 -0.000798 	 0.077321 
13.140000 	 0.067633 	 -0.007278 	 0.067393 
13.150000 	 0.052514 	 -0.002827 	 0.033611 
13.160000 	 0.050073 	 0.002291 	 0.046825 
13.170000 	 0.057781 	 0.004323 	 0.059201 
13.180000 	 0.068754 	 0.000918 	 0.055109 
13.190000 	 0.053769 	 -0.003723 	 0.042477 
13.200000 	 0.043228 	 0.005009 	 0.045912 
13.210000 	 0.047804 	 0.015295 	 0.045269 
13.220000 	 0.050063 	 -0.015673 	 0.034888 
13.230000 	 0.059107 	 -0.009376 	 0.040759 
13.240000 	 0.057597 	 -0.008328 	 0.036311 
13.250000 	 0.058380 	 -0.000139 	 0.024286 
13.260000 	 0.048364 	 0.012116 	 0.018900 
13.270000 	 0.045428 	 -0.016173 	 0.025896 
13.280000 	 0.057160 	 -0.017218 	 0.037967 
13.290000 	 0.050036 	 -0.001054 	 0.059298 
13.300000 	 0.050038 	 -0.004779 	 0.056821 
13.310000 	 0.055109 	 -0.011088 	 0.028696 
13.320000 	 0.053788 	 -0.002829 	 0.017200 
13.330000 	 0.046156 	 0.008273 	 0.045589 
13.340000 	 0.045763 	 -0.010315 	 0.039786 
13.350000 	 0.046356 	 -0.026299 	 0.044471 
13.360000 	 0.043666 	 -0.005300 	 0.037606 
13.370000 	 0.045454 	 0.000697 	 0.029931 
13.380000 	 0.044712 	 0.012835 	 0.038075 
13.390000 	 0.044118 	 0.000801 	 0.052893 
13.400000 	 0.047086 	 -0.005637 	 0.049602 
13.410000 	 0.043997 	 -0.002237 	 0.032060 
13.420000 	 0.041191 	 -0.017530 	 0.018063 
13.430000 	 0.043976 	 0.008582 	 0.024360 
13.440000 	 0.047920 	 0.029559 	 0.051386 
13.450000 	 0.033665 	 0.018533 	 0.068509 
13.460000 	 0.042026 	 -0.007691 	 0.056333 
13.470000 	 0.038105 	 -0.017832 	 0.033735 
13.480000 	 0.038969 	 0.001827 	 0.017871 
13.490000 	 0.044535 	 0.007366 	 0.046331 
13.500000 	 0.046740 	 0.011420 	 0.053317 
13.510000 	 0.048016 	 0.011095 	 0.058915 
13.520000 	 0.042735 	 0.006536 	 0.072015 
13.530000 	 0.035441 	 -0.011704 	 0.053519 
13.540000 	 0.046447 	 -0.004371 	 0.026920 
13.550000 	 0.044885 	 0.009019 	 0.059884 
13.560000 	 0.042475 	 0.032606 	 0.089651 
13.570000 	 0.039996 	 0.000912 	 0.084072 
13.580000 	 0.034781 	 0.030372 	 0.037963 
13.590000 	 0.039345 	 0.009036 	 0.061791 
13.600000 	 0.044720 	 0.020663 	 0.063699 
13.610000 	 0.042780 	 0.006689 	 0.083383 
13.620000 	 0.042684 	 0.027049 	 0.079486 
13.630000 	 0.028440 	 0.038129 	 0.088936 
13.640000 	 0.034790 	 0.012959 	 0.050254 
13.650000 	 0.031725 	 0.008949 	 0.053227 
13.660000 	 0.042631 	 0.002107 	 0.073930 
13.670000 	 0.036268 	 0.018218 	 0.075661 
13.680000 	 0.037674 	 0.024000 	 0.070359 
13.690000 	 0.028430 	 0.030473 	 0.069281 
13.700000 	 0.032984 	 0.015455 	 0.052996 
13.710000 	 0.035267 	 0.017916 	 0.070971 
13.720000 	 0.031953 	 0.020438 	 0.076436 
13.730000 	 0.027931 	 0.002193 	 0.068387 
13.740000 	 0.017440 	 0.016149 	 0.044998 
13.750000 	 0.032451 	 0.016807 	 0.047490 
13.760000 	 0.037825 	 0.009121 	 0.056848 
13.770000 	 0.044384 	 0.011029 	 0.058600 
13.780000 	 0.033175 	 0.010560 	 0.058637 
13.790000 	 0.026435 	 0.011420 	 0.064517 
13.800000 	 0.020367 	 0.005632 	 0.044839 
13.810000 	 0.037426 	 0.002544 	 0.044755 
13.820000 	 0.027712 	 0.015139 	 0.078591 
13.830000 	 0.024737 	 0.017245 	 0.056503 
13.840000 	 0.027516 	 0.019011 	 0.068656 
13.850000 	 0.035517 	 0.020512 	 0.043017 
13.860000 	 0.028412 	 0.008475 	 0.047992 
13.870000 	 0.028735 	 0.007019 	 0.030916 
13.880000 	 0.025303 	 0.003792 	 0.055767 
13.890000 	 0.032082 	 0.012091 	 0.062942 
13.900000 	 0.023411 	 -0.000625 	 0.037414 
13.910000 	 0.015314 	 0.007679 	 0.030963 
13.920000 	 0.019293 	 0.005417 	 0.029228 
13.930000 	 0.026468 	 -0.004045 	 0.037398 
13.940000 	 0.029285 	 0.019620 	 0.046873 
13.950000 	 0.021249 	 0.023388 	 0.029296 
13.960000 	 0.027387 	 0.004550 	 0.020071 
13.970000 	 0.032466 	 0.005836 	 0.024740 
13.980000 	 0.012643 	 0.017942 	 0.051186 
13.990000 	 0.010390 	 0.015214 	 0.040378 
14.000000 	 0.020718 	 0.014081 	 0.026801 
14.010000 	 0.017299 	 0.003405 	 0.009589 
14.020000 	 0.011096 	 0.021869 	 0.018165 
14.030000 	 0.019519 	 0.006879 	 0.042184 
14.040000 	 0.018792 	 0.011683 	 0.052702 
14.050000 	 0.011795 	 -0.009604 	 0.040902 
14.060000 	 0.006552 	 0.008088 	 0.037365 
14.070000 	 0.014314 	 0.016466 	 0.034264 
14.080000 	 0.010604 	 -0.000531 	 0.031856 
14.090000 	 0.017246 	 0.011294 	 0.038858 
14.100000 	 0.018193 	 0.017364 	 0.067224 
14.110000 	 0.012699 	 0.014775 	 0.056391 
14.120000 	 0.018312 	 0.024751 	 0.038342 
14.130000 	 0.008356 	 -0.005482 	 0.049106 
14.140000 	 0.016537 	 0.013606 	 0.056008 
14.150000 	 0.016186 	 0.011377 	 0.077216 
14.160000 	 0.006058 	 0.016809 	 0.072326 
14.170000 	 0.010412 	 -0.011796 	 0.070547 
14.180000 	 0.008391 	 -0.007592 	 0.074729 
14.190000 	 0.013693 	 0.016916 	 0.079871 
14.200000 	 0.024598 	 0.014132 	 0.085571 
14.210000 	 0.018173 	 0.008841 	 0.098764 
14.220000 	 0.016322 	 0.026469 	 0.096316 
14.230000 	 0.014414 	 0.023488 	 0.091718 
14.240000 	 0.018435 	 0.012438 	 0.082029 
14.250000 	 0.014554 	 0.005639 	 0.097980 
14.260000 	 0.021716 	 0.020309 	 0.093041 
14.270000 	 0.009970 	 0.012916 	 0.098836 
14.280000 	 0.013209 	 0.015203 	 0.102645 
14.290000 	 0.017186 	 0.004816 	 0.107463 
14.300000 	 0.011774 	 0.023591 	 0.102054 
14.310000 	 0.012527 	 0.019851 	 0.111298 
14.320000 	 0.015936 	 0.006356 	 0.127131 
14.330000 	 0.005809 	 0.018873 	 0.119074 
14.340000 	 0.005085 	 0.002870 	 0.115760 
14.350000 	 -0.000185 	 0.014777 	 0.129746 
14.360000 	 0.007216 	 0.015109 	 0.119701 
14.370000 	 0.010599 	 0.013642 	 0.145343 
14.380000 	 0.013594 	 0.022774 	 0.135374 
14.390000 	 0.001748 	 0.012024 	 0.154409 
14.400000 	 0.018342 	 0.015318 	 0.128541 
14.410000 	 0.004200 	 0.006303 	 0.142848 
14.420000 	 0.013489 	 0.016614 	 0.123086 
14.430000 	 0.004131 	 0.011094 	 0.157321 
14.440000 	 -0.002157 	 0.010619 	 0.135487 
14.450000 	 0.005539 	 -0.001381 	 0.137804 
14.460000 	 0.011072 	 0.014665 	 0.155624 
14.470000 	 0.012573 	 0.031525 	 0.175149 
14.480000 	 0.012104 	 0.021173 	 0.149999 
14.490000 	 0.001136 	 0.004066 	 0.129099 
14.500000 	 0.020787 	 0.025921 	 0.162959 
14.510000 	 0.007524 	 0.030173 	 0.184691 
14.520000 	 0.003568 	 0.027508 	 0.173515 
14.530000 	 0.000784 	 0.018146 	 0.164663 
14.540000 	 0.000273 	 0.023890 	 0.191962 
14.550000 	 0.004973 	 0.021347 	 0.201847 
14.560000 	 0.010517 	 0.026087 	 0.157652 
14.570000 	 0.009778 	 0.019877 	 0.151612 
14.580000 	 0.009623 	 0.030873 	 0.175253 
14.590000 	 -0.006628 	 0.026569 	 0.176307 
14.600000 	 -0.000809 	 0.016154 	 0.152519 
14.610000 	 0.010395 	 0.031381 	 0.192888 
14.620000 	 0.001812 	 0.036325 	 0.178872 
14.630000 	 -0.009408 	 0.033996 	 0.155382 
14.640000 	 -0.007686 	 0.040199 	 0.149504 
14.650000 	 0.005747 	 0.038010 	 0.163815 
14.660000 	 0.006610 	 0.046194 	 0.157680 
14.670000 	 -0.003519 	 0.029630 	 0.147260 
14.680000 	 -0.009643 	 0.035443 	 0.135697 
14.690000 	 -0.000498 	 0.043281 	 0.134876 
14.700000 	 -0.002837 	 0.046231 	 0.168250 
14.710000 	 -0.011479 	 0.049568 	 0.147879 
14.720000 	 -0.007349 	 0.039004 	 0.122761 
14.730000 	 -0.000997 	 0.042210 	 0.133489 
14.740000 	 0.002243 	 0.028507 	 0.131200 
14.750000 	 -0.000734 	 0.023851 	 0.140318 
14.760000 	 -0.006071 	 0.023515 	 0.126672 
14.770000 	 -0.007470 	 0.026166 	 0.121151 
14.780000 	 -0.002173 	 0.043530 	 0.118394 
14.790000 	 -0.006794 	 0.038544 	 0.122770 
14.800000 	 -0.005801 	 0.028794 	 0.122487 
14.810000 	 -0.002932 	 0.034880 	 0.119661 
14.820000 	 -0.012140 	 0.017342 	 0.113637 
14.830000 	 -0.003573 	 0.033902 	 0.091527 
14.840000 	 -0.000971 	 0.034354 	 0.104973 
14.850000 	 -0.010740 	 0.038287 	 0.084471 
14.860000 	 -0.004983 	 0.024882 	 0.116982 
14.870000 	 -0.007216 	 0.023512 	 0.096065 
14.880000 	 -0.003709 	 0.016179 	 0.096714 
14.890000 	 -0.005817 	 0.029658 	 0.071290 
14.900000 	 -0.003738 	 0.024743 	 0.067150 
14.910000 	 -0.012329 	 0.027864 	 0.078411 
14.920000 	 -0.009328 	 0.006764 	 0.089601 
14.930000 	 0.003186 	 0.014577 	 0.071340 
14.940000 	 -0.007445 	 0.024144 	 0.055847 
14.950000 	 -0.010251 	 0.034703 	 0.042672 
14.960000 	 -0.013143 	 0.025053 	 0.049780 
14.970000 	 0.001055 	 0.030846 	 0.058922 
14.980000 	 -0.010886 	 0.027163 	 0.043709 
14.990000 	 -0.006695 	 0.025480 	 0.043435 
15.000000 	 -0.007305 	 0.023785 	 0.029153 
15.010000 	 0.000580 	 0.007740 	 0.031750 
15.020000 	 -0.007129 	 0.011253 	 0.037681 
15.030000 	 -0.005804 	 0.024218 	 0.037495 
15.040000 	 -0.015123 	 0.009354 	 0.017196 
15.050000 	 -0.004173 	 0.013763 	 0.035718 
15.060000 	 -0.015386 	 0.013213 	 0.023904 
15.070000 	 -0.010856 	 0.016316 	 0.033643 
15.080000 	 -0.010502 	 0.022615 	 0.009974 
15.090000 	 -0.009085 	 0.007061 	 0.002823 
15.100000 	 -0.009441 	 0.021175 	 0.010862 
15.110000 	 -0.009904 	 0.014898 	 0.025282 
15.120000 	 -0.021893 	 0.009340 	 0.010918 
15.130000 	 -0.009788 	 0.011777 	 -0.007859 
15.140000 	 -0.012429 	 0.013191 	 0.016629 
15.150000 	 -0.017669 	 0.006616 	 -0.010385 
15.160000 	 -0.020262 	 0.009738 	 -0.004520 
15.170000 	 -0.020233 	 0.010410 	 -0.018025 
15.180000 	 -0.012123 	 0.006018 	 0.010283 
15.190000 	 -0.015931 	 0.017191 	 0.006171 
15.200000 	 -0.022059 	 0.000399 	 0.014266 
15.210000 	 -0.013695 	 -0.004343 	 -0.019748 
15.220000 	 -0.025114 	 -0.003457 	 -0.000723 
15.230000 	 -0.021300 	 0.005847 	 0.012625 
15.240000 	 -0.013068 	 0.010111 	 0.007214 
15.250000 	 -0.019613 	 0.007346 	 -0.007913 
15.260000 	 -0.025139 	 -0.005318 	 -0.003435 
15.270000 	 -0.016091 	 -0.004045 	 0.019439 
15.280000 	 -0.017023 	 -0.012894 	 0.016338 
15.290000 	 -0.030031 	 0.001213 	 0.000685 
15.300000 	 -0.031330 	 0.000337 	 0.010592 
15.310000 	 -0.023241 	 0.010499 	 0.020044 
15.320000 	 -0.028671 	 -0.016256 	 -0.002106 
15.330000 	 -0.031245 	 -0.014619 	 0.003468 
15.340000 	 -0.022739 	 -0.001093 	 0.017511 
15.350000 	 -0.021748 	 0.001359 	 0.007339 
15.360000 	 -0.026783 	 -0.007814 	 0.008067 
15.370000 	 -0.022713 	 -0.011821 	 -0.000304 
15.380000 	 -0.024177 	 -0.018218 	 0.013413 
15.390000 	 -0.027376 	 -0.011847 	 0.006964 
15.400000 	 -0.024449 	 -0.028853 	 0.021997 
15.410000 	 -0.019379 	 -0.001051 	 -0.002754 
15.420000 	 -0.022823 	 -0.015374 	 0.024790 
15.430000 	 -0.026358 	 -0.007445 	 0.032092 
15.440000 	 -0.029677 	 -0.026493 	 0.024780 
15.450000 	 -0.022302 	 -0.033179 	 0.026342 
15.460000 	 -0.032238 	 -0.010987 	 0.060749 
15.470000 	 -0.029755 	 -0.016216 	 0.072012 
15.480000 	 -0.028692 	 -0.028801 	 0.050950 
15.490000 	 -0.034957 	 -0.019570 	 0.037629 
15.500000 	 -0.030935 	 -0.027191 	 0.050290 
15.510000 	 -0.026808 	 -0.014872 	 0.071538 
15.520000 	 -0.038427 	 -0.029902 	 0.061303 
15.530000 	 -0.031546 	 -0.025577 	 0.067675 
15.540000 	 -0.024886 	 -0.012983 	 0.051582 
15.550000 	 -0.038552 	 -0.031256 	 0.053188 
15.560000 	 -0.038843 	 -0.031910 	 0.041936 
15.570000 	 -0.038441 	 -0.044086 	 0.048150 
15.580000 	 -0.027325 	 -0.018629 	 0.054735 
15.590000 	 -0.032068 	 -0.025989 	 0.055446 
15.600000 	 -0.032166 	 -0.054754 	 0.045431 
15.610000 	 -0.039922 	 -0.028398 	 0.043284 
15.620000 	 -0.037871 	 -0.034834 	 0.081559 
15.630000 	 -0.042992 	 -0.042521 	 0.096113 
15.640000 	 -0.036878 	 -0.062345 	 0.097961 
15.650000 	 -0.036002 	 -0.056007 	 0.090636 
15.660000 	 -0.037808 	 -0.055390 	 0.072354 
15.670000 	 -0.038255 	 -0.063082 	 0.094047 
15.680000 	 -0.047162 	 -0.039142 	 0.102965 
15.690000 	 -0.046786 	 -0.059523 	 0.126968 
15.700000 	 -0.036080 	 -0.058144 	 0.128431 
15.710000 	 -0.037985 	 -0.067299 	 0.138394 
15.720000 	 -0.044409 	 -0.086152 	 0.116576 
15.730000 	 -0.048058 	 -0.066241 	 0.115603 
15.740000 	 -0.043832 	 -0.061513 	 0.152673 
15.750000 	 -0.047599 	 -0.076542 	 0.148852 
15.760000 	 -0.040766 	 -0.066898 	 0.138150 
15.770000 	 -0.055793 	 -0.082823 	 0.133750 
15.780000 	 -0.046646 	 -0.068976 	 0.142929 
15.790000 	 -0.057464 	 -0.065255 	 0.144367 
15.800000 	 -0.049554 	 -0.073642 	 0.145276 
15.810000 	 -0.043211 	 -0.076537 	 0.147058 
15.820000 	 -0.044841 	 -0.080332 	 0.146834 
15.830000 	 -0.058693 	 -0.087442 	 0.142278 
15.840000 	 -0.049635 	 -0.091703 	 0.159071 
15.850000 	 -0.054488 	 -0.075103 	 0.160667 
15.860000 	 -0.044776 	 -0.076941 	 0.179262 
15.870000 	 -0.050820 	 -0.065676 	 0.181180 
15.880000 	 -0.051554 	 -0.078418 	 0.167164 
15.890000 	 -0.050738 	 -0.104657 	 0.167008 
15.900000 	 -0.046402 	 -0.095358 	 0.177999 
15.910000 	 -0.052125 	 -0.079635 	 0.189899 
15.920000 	 -0.052213 	 -0.074202 	 0.205827 
15.930000 	 -0.062447 	 -0.087220 	 0.187079 
15.940000 	 -0.056912 	 -0.107801 	 0.196295 
15.950000 	 -0.065792 	 -0.108445 	 0.205342 
15.960000 	 -0.051881 	 -0.091017 	 0.239225 
15.970000 	 -0.046916 	 -0.098927 	 0.209692 
15.980000 	 -0.053597 	 -0.089461 	 0.227472 
15.990000 	 -0.065996 	 -0.090825 	 0.227082 
16.000000 	 -0.062757 	 -0.108663 	 0.240957 
16.010000 	 -0.057091 	 -0.112746 	 0.214040 
16.020000 	 -0.064307 	 -0.124662 	 0.223400 
16.030000 	 -0.055383 	 -0.100720 	 0.217456 
16.040000 	 -0.057155 	 -0.093491 	 0.219845 
16.050000 	 -0.068132 	 -0.114354 	 0.223395 
16.060000 	 -0.067075 	 -0.111555 	 0.212853 
16.070000 	 -0.062614 	 -0.126541 	 0.202738 
16.080000 	 -0.069016 	 -0.106921 	 0.205856 
16.090000 	 -0.061234 	 -0.105236 	 0.210954 
16.100000 	 -0.061609 	 -0.101251 	 0.197385 
16.110000 	 -0.073140 	 -0.104884 	 0.174383 
16.120000 	 -0.067248 	 -0.133547 	 0.201621 
16.130000 	 -0.062645 	 -0.117666 	 0.181678 
16.140000 	 -0.066057 	 -0.096838 	 0.181480 
16.150000 	 -0.072346 	 -0.104489 	 0.165389 
16.160000 	 -0.066929 	 -0.121017 	 0.186793 
16.170000 	 -0.065605 	 -0.154298 	 0.157545 
16.180000 	 -0.061890 	 -0.156109 	 0.172622 
16.190000 	 -0.064197 	 -0.137148 	 0.169996 
16.200000 	 -0.065053 	 -0.115264 	 0.186373 
16.210000 	 -0.057890 	 -0.108262 	 0.165870 
16.220000 	 -0.057062 	 -0.140704 	 0.180181 
16.230000 	 -0.060975 	 -0.147059 	 0.181026 
16.240000 	 -0.063552 	 -0.145077 	 0.186059 
16.250000 	 -0.071769 	 -0.147690 	 0.174285 
16.260000 	 -0.072947 	 -0.129243 	 0.188119 
16.270000 	 -0.066216 	 -0.123850 	 0.193226 
16.280000 	 -0.070561 	 -0.120537 	 0.189053 
16.290000 	 -0.068590 	 -0.134803 	 0.168170 
16.300000 	 -0.078983 	 -0.124253 	 0.174006 
16.310000 	 -0.087413 	 -0.105876 	 0.172318 
16.320000 	 -0.066769 	 -0.123637 	 0.171001 
16.330000 	 -0.067687 	 -0.124099 	 0.132062 
16.340000 	 -0.071795 	 -0.145073 	 0.151703 
16.350000 	 -0.071943 	 -0.124639 	 0.145104 
16.360000 	 -0.070785 	 -0.099391 	 0.120548 
16.370000 	 -0.082235 	 -0.104513 	 0.125132 
16.380000 	 -0.075779 	 -0.107451 	 0.122371 
16.390000 	 -0.074122 	 -0.145358 	 0.129372 
16.400000 	 -0.082133 	 -0.112493 	 0.133053 
16.410000 	 -0.079579 	 -0.117202 	 0.106192 
16.420000 	 -0.071649 	 -0.108013 	 0.096818 
16.430000 	 -0.081775 	 -0.110541 	 0.115169 
16.440000 	 -0.072309 	 -0.114464 	 0.125005 
16.450000 	 -0.079052 	 -0.141783 	 0.118496 
16.460000 	 -0.079840 	 -0.115621 	 0.095981 
16.470000 	 -0.086373 	 -0.114750 	 0.102421 
16.480000 	 -0.084838 	 -0.094296 	 0.093081 
16.490000 	 -0.074311 	 -0.126077 	 0.090707 
16.500000 	 -0.082672 	 -0.118930 	 0.069597 
16.510000 	 -0.081571 	 -0.133279 	 0.098600 
16.520000 	 -0.077329 	 -0.127721 	 0.071609 
16.530000 	 -0.074605 	 -0.139285 	 0.042054 
16.540000 	 -0.081363 	 -0.125287 	 0.065944 
16.550000 	 -0.074608 	 -0.105873 	 0.074139 
16.560000 	 -0.080691 	 -0.134132 	 0.057700 
16.570000 	 -0.086773 	 -0.129459 	 0.043830 
16.580000 	 -0.079676 	 -0.143989 	 0.062959 
16.590000 	 -0.072249 	 -0.134988 	 0.072841 
16.600000 	 -0.085201 	 -0.118693 	 0.036790 
16.610000 	 -0.081570 	 -0.137020 	 0.067142 
16.620000 	 -0.079840 	 -0.125056 	 0.071977 
16.630000 	 -0.088975 	 -0.152972 	 0.077725 
16.640000 	 -0.092573 	 -0.127155 	 0.041446 
16.650000 	 -0.088774 	 -0.149046 	 0.056899 
16.660000 	 -0.082562 	 -0.126749 	 0.050592 
16.670000 	 -0.079128 	 -0.138512 	 0.052138 
16.680000 	 -0.074032 	 -0.146687 	 0.042073 
16.690000 	 -0.078175 	 -0.129073 	 0.039751 
16.700000 	 -0.090633 	 -0.162833 	 0.035726 
16.710000 	 -0.094535 	 -0.152205 	 0.023113 
16.720000 	 -0.083227 	 -0.139477 	 0.043871 
16.730000 	 -0.094492 	 -0.119300 	 0.041021 
16.740000 	 -0.088377 	 -0.131857 	 0.040137 
16.750000 	 -0.090233 	 -0.137222 	 0.019626 
16.760000 	 -0.098545 	 -0.139159 	 0.000753 
16.770000 	 -0.090101 	 -0.148631 	 0.019543 
16.780000 	 -0.089716 	 -0.136812 	 0.036111 
16.790000 	 -0.087846 	 -0.127543 	 0.013510 
16.800000 	 -0.090825 	 -0.140575 	 0.021284 
16.810000 	 -0.104510 	 -0.121082 	 0.003234 
16.820000 	 -0.103586 	 -0.133698 	 0.014205 
16.830000 	 -0.102044 	 -0.144068 	 -0.018851 
16.840000 	 -0.088305 	 -0.146495 	 -0.016631 
16.850000 	 -0.082689 	 -0.140320 	 -0.015941 
16.860000 	 -0.094550 	 -0.124166 	 -0.030824 
16.870000 	 -0.097393 	 -0.127093 	 -0.043378 
16.880000 	 -0.091490 	 -0.118536 	 -0.028130 
16.890000 	 -0.093446 	 -0.137785 	 -0.042829 
16.900000 	 -0.101499 	 -0.136771 	 -0.055862 
16.910000 	 -0.101626 	 -0.119995 	 -0.043387 
16.920000 	 -0.098839 	 -0.115025 	 -0.046598 
16.930000 	 -0.093450 	 -0.116029 	 -0.044670 
16.940000 	 -0.088007 	 -0.130073 	 -0.060071 
16.950000 	 -0.089584 	 -0.139949 	 -0.061626 
16.960000 	 -0.092792 	 -0.118603 	 -0.047034 
16.970000 	 -0.094984 	 -0.143990 	 -0.050155 
16.980000 	 -0.102269 	 -0.115582 	 -0.069393 
16.990000 	 -0.105469 	 -0.114908 	 -0.065135 
17.000000 	 -0.100331 	 -0.114803 	 -0.036489 
17.010000 	 -0.102963 	 -0.142499 	 -0.074774 
17.020000 	 -0.090663 	 -0.139467 	 -0.094991 
17.030000 	 -0.086855 	 -0.124916 	 -0.087630 
17.040000 	 -0.105579 	 -0.127590 	 -0.083946 
17.050000 	 -0.104864 	 -0.126508 	 -0.098024 
17.060000 	 -0.098923 	 -0.119305 	 -0.087670 
17.070000 	 -0.097305 	 -0.117303 	 -0.104421 
17.080000 	 -0.104291 	 -0.128349 	 -0.079506 
17.090000 	 -0.101455 	 -0.118530 	 -0.076579 
17.100000 	 -0.100106 	 -0.111356 	 -0.095528 
17.110000 	 -0.102222 	 -0.111294 	 -0.105731 
17.120000 	 -0.101749 	 -0.122060 	 -0.107382 
17.130000 	 -0.090088 	 -0.121282 	 -0.100334 
17.140000 	 -0.099933 	 -0.101264 	 -0.104656 
17.150000 	 -0.098275 	 -0.110313 	 -0.082313 
17.160000 	 -0.097911 	 -0.090929 	 -0.104092 
17.170000 	 -0.114941 	 -0.119348 	 -0.113921 
17.180000 	 -0.111576 	 -0.110665 	 -0.115337 
17.190000 	 -0.099457 	 -0.108335 	 -0.110717 
17.200000 	 -0.097565 	 -0.101273 	 -0.084775 
17.210000 	 -0.097033 	 -0.081209 	 -0.114141 
17.220000 	 -0.101976 	 -0.085206 	 -0.108892 
17.230000 	 -0.103286 	 -0.091935 	 -0.125335 
17.240000 	 -0.111762 	 -0.095190 	 -0.110072 
17.250000 	 -0.111589 	 -0.091936 	 -0.127943 
17.260000 	 -0.109171 	 -0.081568 	 -0.115670 
17.270000 	 -0.103623 	 -0.105264 	 -0.105681 
17.280000 	 -0.112789 	 -0.096500 	 -0.094054 
17.290000 	 -0.106915 	 -0.093253 	 -0.137764 
17.300000 	 -0.109543 	 -0.095518 	 -0.128217 
17.310000 	 -0.107031 	 -0.067884 	 -0.105662 
17.320000 	 -0.107427 	 -0.099033 	 -0.082284 
17.330000 	 -0.097905 	 -0.062791 	 -0.134509 
17.340000 	 -0.128535 	 -0.089935 	 -0.134246 
17.350000 	 -0.130057 	 -0.077830 	 -0.114850 
17.360000 	 -0.119505 	 -0.060894 	 -0.103531 
17.370000 	 -0.113330 	 -0.043380 	 -0.127241 
17.380000 	 -0.117237 	 -0.071550 	 -0.117886 
17.390000 	 -0.110141 	 -0.077103 	 -0.120417 
17.400000 	 -0.116645 	 -0.084510 	 -0.140121 
17.410000 	 -0.119257 	 -0.060758 	 -0.135445 
17.420000 	 -0.114693 	 -0.061578 	 -0.116835 
17.430000 	 -0.109046 	 -0.053468 	 -0.113492 
17.440000 	 -0.117439 	 -0.078742 	 -0.125085 
17.450000 	 -0.123589 	 -0.067663 	 -0.125969 
17.460000 	 -0.126011 	 -0.065476 	 -0.123420 
17.470000 	 -0.118279 	 -0.069602 	 -0.093882 
17.480000 	 -0.122233 	 -0.040461 	 -0.131489 
17.490000 	 -0.117263 	 -0.042082 	 -0.100632 
17.500000 	 -0.107157 	 -0.054877 	 -0.102691 
17.510000 	 -0.112486 	 -0.053642 	 -0.104301 
17.520000 	 -0.127120 	 -0.061035 	 -0.121142 
17.530000 	 -0.123954 	 -0.052486 	 -0.094307 
17.540000 	 -0.121269 	 -0.054820 	 -0.092967 
17.550000 	 -0.127699 	 -0.045521 	 -0.069384 
17.560000 	 -0.114807 	 -0.059990 	 -0.079880 
17.570000 	 -0.113036 	 -0.047087 	 -0.057487 
17.580000 	 -0.119441 	 -0.040819 	 -0.079058 
17.590000 	 -0.124633 	 -0.045864 	 -0.070556 
17.600000 	 -0.130755 	 -0.042283 	 -0.064193 
17.610000 	 -0.114677 	 -0.040528 	 -0.052692 
17.620000 	 -0.112962 	 -0.061946 	 -0.028490 
17.630000 	 -0.126423 	 -0.035942 	 -0.020567 
17.640000 	 -0.132879 	 -0.051584 	 -0.027083 
17.650000 	 -0.123854 	 -0.034153 	 -0.028397 
17.660000 	 -0.123536 	 -0.037918 	 0.003702 
17.670000 	 -0.124157 	 -0.064328 	 0.024438 
17.680000 	 -0.117581 	 -0.034975 	 0.008764 
17.690000 	 -0.122139 	 -0.013923 	 0.023654 
17.700000 	 -0.127638 	 -0.017275 	 0.030277 
17.710000 	 -0.120624 	 -0.019954 	 0.039015 
17.720000 	 -0.114507 	 -0.034098 	 0.056540 
17.730000 	 -0.134313 	 -0.022975 	 0.054097 
17.740000 	 -0.124009 	 -0.031101 	 0.076613 
17.750000 	 -0.125033 	 0.001194 	 0.084672 
17.760000 	 -0.129324 	 -0.013868 	 0.090673 
17.770000 	 -0.124251 	 -0.020242 	 0.097884 
17.780000 	 -0.123984 	 -0.015247 	 0.126460 
17.790000 	 -0.120353 	 -0.017511 	 0.129160 
17.800000 	 -0.126109 	 -0.006270 	 0.126925 
17.810000 	 -0.128694 	 -0.012602 	 0.159630 
17.820000 	 -0.124662 	 -0.000037 	 0.181968 
17.830000 	 -0.129047 	 -0.002017 	 0.188826 
17.840000 	 -0.122468 	 0.014876 	 0.191717 
17.850000 	 -0.126801 	 -0.003722 	 0.202541 
17.860000 	 -0.129835 	 0.003325 	 0.229748 
17.870000 	 -0.125297 	 0.014284 	 0.244068 
17.880000 	 -0.123441 	 -0.005264 	 0.269915 
17.890000 	 -0.128783 	 0.005845 	 0.292028 
17.900000 	 -0.130621 	 -0.014794 	 0.285573 
17.910000 	 -0.126083 	 -0.012367 	 0.284171 
17.920000 	 -0.129463 	 0.024162 	 0.319284 
17.930000 	 -0.128423 	 0.012249 	 0.393356 
17.940000 	 -0.125314 	 0.019452 	 0.388963 
17.950000 	 -0.124129 	 0.000487 	 0.384938 
17.960000 	 -0.120377 	 0.026084 	 0.388830 
17.970000 	 -0.125618 	 0.009654 	 0.464219 
17.980000 	 -0.118584 	 0.021598 	 0.468235 
17.990000 	 -0.121241 	 0.026413 	 0.493030 
18.000000 	 -0.134525 	 0.040012 	 0.530541 
18.010000 	 -0.125012 	 0.027319 	 0.560145 
18.020000 	 -0.116399 	 0.027002 	 0.570936 
18.030000 	 -0.117647 	 0.026536 	 0.604164 
18.040000 	 -0.121656 	 0.024541 	 0.671942 
18.050000 	 -0.130348 	 0.028387 	 0.677286 
18.060000 	 -0.120962 	 0.028155 	 0.696230 
18.070000 	 -0.119317 	 0.032515 	 0.719739 
18.080000 	 -0.123911 	 0.043679 	 0.765433 
18.090000 	 -0.124957 	 0.035126 	 0.804658 
18.100000 	 -0.127493 	 0.045767 	 0.821970 
18.110000 	 -0.128681 	 0.051101 	 0.852303 
18.120000 	 -0.124036 	 0.062926 	 0.894782 
18.130000 	 -0.122596 	 0.047634 	 0.929162 
18.140000 	 -0.121617 	 0.043197 	 0.951437 
18.150000 	 -0.125944 	 0.062617 	 0.998210 
18.160000 	 -0.121979 	 0.045022 	 1.054744 
18.170000 	 -0.127462 	 0.060524 	 1.037387 
18.180000 	 -0.125890 	 0.044338 	 1.075920 
18.190000 	 -0.124830 	 0.063050 	 1.145672 
18.200000 	 -0.131290 	 0.081055 	 1.192568 
18.210000 	 -0.142082 	 0.075813 	 1.207616 
18.220000 	 -0.135341 	 0.084811 	 1.226336 
18.230000 	 -0.121116 	 0.056845 	 1.272610 
18.240000 	 -0.121332 	 0.065847 	 1.309621 
18.250000 	 -0.135727 	 0.087405 	 1.330222 
18.260000 	 -0.138930 	 0.099903 	 1.372854 
18.270000 	 -0.138239 	 0.111592 	 1.412970 
18.280000 	 -0.138253 	 0.081192 	 1.447094 
18.290000 	 -0.149472 	 0.105660 	 1.474632 
18.300000 	 -0.143028 	 0.094548 	 1.538805 
18.310000 	 -0.133781 	 0.111066 	 1.561730 
18.320000 	 -0.139356 	 0.109807 	 1.589624 
18.330000 	 -0.145586 	 0.110737 	 1.633215 
18.340000 	 -0.147181 	 0.096703 	 1.662253 
18.350000 	 -0.140581 	 0.073238 	 1.685999 
18.360000 	 -0.140730 	 0.120355 	 1.739043 
18.370000 	 -0.137043 	 0.117402 	 1.790434 
18.380000 	 -0.137770 	 0.130268 	 1.812991 
18.390000 	 -0.137564 	 0.120227 	 1.872172 
18.400000 	 -0.134601 	 0.110552 	 1.954071 
18.410000 	 -0.129582 	 0.093514 	 2.027082 
18.420000 	 -0.122460 	 0.121537 	 2.070441 
18.430000 	 -0.124336 	 0.126853 	 2.106670 
18.440000 	 -0.110335 	 0.130106 	 2.179197 
18.450000 	 -0.120221 	 0.134743 	 2.204038 
18.460000 	 -0.111394 	 0.133024 	 2.283382 
18.470000 	 -0.113895 	 0.127186 	 2.337073 
18.480000 	 -0.121989 	 0.115042 	 2.396392 
18.490000 	 -0.118565 	 0.145021 	 2.418582 
18.500000 	 -0.114459 	 0.146005 	 2.448601 
18.510000 	 -0.118529 	 0.145208 	 2.511800 
18.520000 	 -0.129234 	 0.148359 	 2.565530 
18.530000 	 -0.137866 	 0.124773 	 2.604194 
18.540000 	 -0.120582 	 0.137674 	 2.634320 
18.550000 	 -0.113794 	 0.112453 	 2.672927 
18.560000 	 -0.114440 	 0.134734 	 2.699872 
18.570000 	 -0.123348 	 0.132228 	 2.752315 
18.580000 	 -0.130956 	 0.130622 	 2.808810 
18.590000 	 -0.123825 	 0.130114 	 2.850231 
18.600000 	 -0.125588 	 0.131878 	 2.901828 
18.610000 	 -0.115955 	 0.146678 	 2.955407 
18.620000 	 -0.113524 	 0.142841 	 3.015696 
18.630000 	 -0.107547 	 0.119079 	 3.092266 
18.640000 	 -0.110327 	 0.107042 	 3.156121 
18.650000 	 -0.114200 	 0.122723 	 3.217649 
18.660000 	 -0.106102 	 0.132312 	 3.275153 
18.670000 	 -0.114326 	 0.124959 	 3.366776 
18.680000 	 -0.127640 	 0.121427 	 3.468607 
18.690000 	 -0.121468 	 0.123739 	 3.532567 
18.700000 	 -0.112996 	 0.127325 	 3.585162 
18.710000 	 -0.119254 	 0.110266 	 3.691399 
18.720000 	 -0.111533 	 0.123387 	 3.764523 
18.730000 	 -0.107905 	 0.124236 	 3.826849 
18.740000 	 -0.121530 	 0.133782 	 3.875214 
18.750000 	 -0.125011 	 0.109148 	 3.977811 
18.760000 	 -0.112034 	 0.110080 	 4.070296 
18.770000 	 -0.122667 	 0.123026 	 4.135315 
18.780000 	 -0.119523 	 0.131099 	 4.185584 
18.790000 	 -0.115802 	 0.108947 	 4.252956 
18.800000 	 -0.103751 	 0.093842 	 4.324509 
18.810000 	 -0.114095 	 0.077565 	 4.394536 
18.820000 	 -0.106554 	 0.087170 	 4.473408 
18.830000 	 -0.097667 	 0.096389 	 4.530984 
18.840000 	 -0.091459 	 0.109279 	 4.558336 
18.850000 	 -0.099863 	 0.075085 	 4.635158 
18.860000 	 -0.091696 	 0.079904 	 4.722585 
18.870000 	 -0.091200 	 0.075920 	 4.802025 
18.880000 	 -0.093561 	 0.049338 	 4.826964 
18.890000 	 -0.088830 	 0.061574 	 4.879480 
18.900000 	 -0.092953 	 0.059290 	 4.924649 
18.910000 	 -0.094688 	 0.059313 	 4.982241 
18.920000 	 -0.103082 	 0.045534 	 5.019970 
18.930000 	 -0.094352 	 0.014382 	 5.095449 
18.940000 	 -0.091379 	 0.023094 	 5.144393 
18.950000 	 -0.096653 	 0.014894 	 5.194002 
18.960000 	 -0.098008 	 0.054154 	 5.227031 
18.970000 	 -0.096313 	 0.039821 	 5.290869 
18.980000 	 -0.088659 	 -0.000625 	 5.353934 
18.990000 	 -0.084007 	 -0.006214 	 5.407776 
19.000000 	 -0.092324 	 -0.014179 	 5.439657 
19.010000 	 -0.083787 	 0.033852 	 5.498613 
19.020000 	 -0.086251 	 0.052608 	 5.566737 
19.030000 	 -0.075108 	 0.046428 	 5.623722 
19.040000 	 -0.078754 	 -0.010552 	 5.669983 
19.050000 	 -0.079087 	 -0.028743 	 5.721844 
19.060000 	 -0.065673 	 -0.008679 	 5.775159 
19.070000 	 -0.065967 	 0.032633 	 5.819911 
19.080000 	 -0.056425 	 0.043231 	 5.884167 
19.090000 	 -0.046116 	 0.018283 	 5.912748 
19.100000 	 -0.045366 	 0.009017 	 5.975432 
19.110000 	 -0.047100 	 -0.004124 	 6.027512 
19.120000 	 -0.042156 	 -0.020287 	 6.029282 
19.130000 	 -0.045934 	 0.017580 	 6.081503 
19.140000 	 -0.039665 	 0.051621 	 6.152509 
19.150000 	 -0.025555 	 0.027248 	 6.211927 
19.160000 	 -0.012644 	 -0.016004 	 6.215731 
19.170000 	 -0.015938 	 -0.018017 	 6.277932 
19.180000 	 -0.015221 	 0.011945 	 6.298889 
19.190000 	 -0.012091 	 0.030954 	 6.350463 
19.200000 	 -0.000588 	 0.033532 	 6.367376 
19.210000 	 0.011218 	 0.007891 	 6.430776 
19.220000 	 0.008781 	 0.002040 	 6.467354 
19.230000 	 -0.001919 	 -0.005522 	 6.488207 
19.240000 	 0.016633 	 0.027740 	 6.542168 
19.250000 	 0.018325 	 0.053318 	 6.586575 
19.260000 	 0.020218 	 0.022958 	 6.615010 
19.270000 	 0.029529 	 0.007073 	 6.665422 
19.280000 	 0.035268 	 -0.006402 	 6.729163 
19.290000 	 0.052644 	 0.005822 	 6.767914 
19.300000 	 0.040664 	 0.026812 	 6.839332 
19.310000 	 0.055567 	 0.032596 	 6.896097 
19.320000 	 0.055527 	 0.012633 	 6.945222 
19.330000 	 0.069907 	 0.021409 	 6.977853 
19.340000 	 0.068062 	 0.025943 	 7.055681 
19.350000 	 0.071958 	 0.023689 	 7.118583 
19.360000 	 0.083483 	 0.042746 	 7.162179 
19.370000 	 0.081107 	 0.033611 	 7.191955 
19.380000 	 0.083878 	 -0.001984 	 7.239541 
19.390000 	 0.089873 	 -0.010229 	 7.315769 
19.400000 	 0.103246 	 0.040530 	 7.346493 
19.410000 	 0.093468 	 0.047795 	 7.404997 
19.420000 	 0.102398 	 0.042688 	 7.443054 
19.430000 	 0.104382 	 -0.003679 	 7.469564 
19.440000 	 0.106725 	 -0.037322 	 7.517777 
19.450000 	 0.101004 	 -0.003130 	 7.576486 
19.460000 	 0.098068 	 0.019939 	 7.612699 
19.470000 	 0.115764 	 0.042730 	 7.643863 
19.480000 	 0.121334 	 0.042895 	 7.666909 
19.490000 	 0.104387 	 0.007333 	 7.713443 
19.500000 	 0.104074 	 0.005209 	 7.744383 
19.510000 	 0.105756 	 -0.010347 	 7.810166 
19.520000 	 0.118541 	 0.060590 	 7.862758 
19.530000 	 0.110641 	 0.049408 	 7.892775 
19.540000 	 0.115122 	 0.026154 	 7.931970 
19.550000 	 0.121858 	 0.026978 	 7.976647 
19.560000 	 0.124790 	 -0.013944 	 8.046108 
19.570000 	 0.117119 	 0.022269 	 8.079557 
19.580000 	 0.115387 	 0.022498 	 8.130458 
19.590000 	 0.134026 	 0.030179 	 8.154582 
19.600000 	 0.127949 	 0.031515 	 8.210276 
19.610000 	 0.130832 	 -0.012332 	 8.259018 
19.620000 	 0.130299 	 -0.015110 	 8.295929 
19.630000 	 0.130544 	 -0.003124 	 8.344832 
19.640000 	 0.124410 	 0.006057 	 8.375950 
19.650000 	 0.139968 	 0.004073 	 8.432240 
19.660000 	 0.147911 	 -0.020539 	 8.458293 
19.670000 	 0.156770 	 -0.025509 	 8.514734 
19.680000 	 0.163622 	 -0.012009 	 8.564863 
19.690000 	 0.147720 	 -0.016880 	 8.625229 
19.700000 	 0.158356 	 -0.021960 	 8.655670 
19.710000 	 0.161697 	 -0.016755 	 8.716235 
19.720000 	 0.156480 	 -0.019714 	 8.773662 
19.730000 	 0.164248 	 -0.029763 	 8.817450 
19.740000 	 0.176465 	 -0.034967 	 8.878465 
19.750000 	 0.171070 	 -0.032876 	 8.926370 
19.760000 	 0.168176 	 -0.045059 	 8.962219 
19.770000 	 0.177921 	 -0.026087 	 9.035182 
19.780000 	 0.175480 	 -0.026561 	 9.089386 
19.790000 	 0.178938 	 -0.044249 	 9.156756 
19.800000 	 0.165026 	 -0.032655 	 9.198468 
19.810000 	 0.172010 	 -0.028263 	 9.277016 
19.820000 	 0.184275 	 -0.031011 	 9.307660 
19.830000 	 0.191130 	 -0.028651 	 9.366536 
19.840000 	 0.181207 	 -0.027693 	 9.420831 
19.850000 	 0.189979 	 -0.023896 	 9.489086 
19.860000 	 0.193257 	 -0.021522 	 9.552424 
19.870000 	 0.188955 	 -0.033945 	 9.593123 
19.880000 	 0.193102 	 -0.051289 	 9.641835 
19.890000 	 0.187309 	 -0.052859 	 9.724687 
19.900000 	 0.188531 	 -0.035365 	 9.792450 
19.910000 	 0.209798 	 -0.045967 	 9.850627 
19.920000 	 0.201803 	 -0.043022 	 9.927731 
19.930000 	 0.207210 	 -0.058432 	 9.983914 
19.940000 	 0.207602 	 -0.065321 	 10.040965 
19.950000 	 0.212805 	 -0.046635 	 10.094003 
19.960000 	 0.211838 	 -0.045423 	 10.175198 
19.970000 	 0.218235 	 -0.039731 	 10.233997 
19.980000 	 0.218425 	 -0.045433 	 10.294485 
19.990000 	 0.219590 	 -0.062981 	 10.352481 
20.000000 	 0.218140 	 -0.041440 	 10.405610 
